permutation_index,source_island,phi_running,rank_running,source_island_name,target_island
1,0,-0.003368940975431653,10,Nesøy,5
1,1,-0.0040529936018495055,11,Myken,5
1,2,0.042588930097636486,5,Træna,5
1,3,-0.007983649686951158,12,Selvær,5
1,4,0.04564293333421407,4,Gjerøy,5
1,6,0.08898915035545497,1,Indre Kvarøy,5
1,7,0.048258839580790955,3,Onøy og Lurøy,5
1,8,0.019242880214041566,7,Lovund,5
1,9,-0.03744349448367407,14,Sleneset,5
1,10,0.008263405114567038,8,Aldra,5
1,11,0.0005432929605649062,9,Southern 1,5
1,12,0.06747258161626662,2,Southern 2,5
1,13,-0.2114258531613596,15,Southern 3,5
1,14,0.028581929418930493,6,Southern 4,5
1,15,-0.010958749884060343,13,Southern 5,5
2,0,-0.0040706614770778665,11,Nesøy,5
2,1,-0.002753820174582776,10,Myken,5
2,2,0.0452692724415337,2,Træna,5
2,3,-0.007727056420838936,12,Selvær,5
2,4,0.0052188389255177076,7,Gjerøy,5
2,6,0.15163895496137578,1,Indre Kvarøy,5
2,7,0.013814712281249593,6,Onøy og Lurøy,5
2,8,0.014069677640818935,5,Lovund,5
2,9,-0.029875046272021102,14,Sleneset,5
2,10,0.000465710739729161,8,Aldra,5
2,11,-0.0005883771962067255,9,Southern 1,5
2,12,0.036123738727735916,3,Southern 2,5
2,13,-0.15886336175682358,15,Southern 3,5
2,14,0.022898630572271768,4,Southern 4,5
2,15,-0.011270952093540752,13,Southern 5,5
3,0,-0.006975152104841224,12,Nesøy,5
3,1,-0.002805691278543803,10,Myken,5
3,2,0.04035812110281426,3,Træna,5
3,3,-0.005189594465710161,11,Selvær,5
3,4,0.003966054481855403,7,Gjerøy,5
3,6,0.1478938922304607,1,Indre Kvarøy,5
3,7,0.007141235297684216,6,Onøy og Lurøy,5
3,8,0.012901032050930886,5,Lovund,5
3,9,-0.05893284604735196,14,Sleneset,5
3,10,-0.0022722660617288948,9,Aldra,5
3,11,-0.0010409882396841031,8,Southern 1,5
3,12,0.02605948545023569,4,Southern 2,5
3,13,-0.13100979459705622,15,Southern 3,5
3,14,0.05506309585169517,2,Southern 4,5
3,15,-0.010806322771619156,13,Southern 5,5
4,0,-0.006349890282665983,11,Nesøy,5
4,1,-0.002733782532954348,9,Myken,5
4,2,0.037511064780414285,3,Træna,5
4,3,-0.006806133356217924,12,Selvær,5
4,4,-0.004164410258440302,10,Gjerøy,5
4,6,0.14176930794300704,1,Indre Kvarøy,5
4,7,0.006370039200906284,6,Onøy og Lurøy,5
4,8,0.012762467629376993,5,Lovund,5
4,9,-0.05037945914091933,14,Sleneset,5
4,10,0.0003276192578293459,7,Aldra,5
4,11,-0.0014022371513524156,8,Southern 1,5
4,12,0.024969911902772337,4,Southern 2,5
4,13,-0.11149105407043577,15,Southern 3,5
4,14,0.045263713560923194,2,Southern 4,5
4,15,-0.011296896583102609,13,Southern 5,5
5,0,-0.005665860461426449,10,Nesøy,5
5,1,-0.0025098066505736287,9,Myken,5
5,2,0.0391661320060485,3,Træna,5
5,3,-0.007078702247542536,11,Selvær,5
5,4,-0.007613886981104878,12,Gjerøy,5
5,6,0.14591840476889703,1,Indre Kvarøy,5
5,7,0.003076511245467868,8,Onøy og Lurøy,5
5,8,0.018667374065716325,5,Lovund,5
5,9,-0.06272618575561299,14,Sleneset,5
5,10,0.007147635511329386,6,Aldra,5
5,11,0.0037347353420591157,7,Southern 1,5
5,12,0.02082219495934416,4,Southern 2,5
5,13,-0.10420430081280148,15,Southern 3,5
5,14,0.03968065351239,2,Southern 4,5
5,15,-0.014064637603049646,13,Southern 5,5
6,0,-0.005349092555106522,10,Nesøy,5
6,1,-0.004222952538105611,9,Myken,5
6,2,0.038716360646127,3,Træna,5
6,3,-0.007715987597422401,11,Selvær,5
6,4,-0.010684416976548343,12,Gjerøy,5
6,6,0.14958110410405467,1,Indre Kvarøy,5
6,7,0.0005855113091471457,8,Onøy og Lurøy,5
6,8,0.016663736219252892,5,Lovund,5
6,9,-0.06105613963784551,14,Sleneset,5
6,10,0.004764492972514421,7,Aldra,5
6,11,0.0061936010114602355,6,Southern 1,5
6,12,0.018135772722199548,4,Southern 2,5
6,13,-0.09924980626033914,15,Southern 3,5
6,14,0.041909245015373575,2,Southern 4,5
6,15,-0.013921167535621191,13,Southern 5,5
7,0,-0.005236909044517526,10,Nesøy,5
7,1,-0.004348233221904607,9,Myken,5
7,2,0.03990514067249075,2,Træna,5
7,3,-0.006056335554470997,11,Selvær,5
7,4,-0.009854083214684365,12,Gjerøy,5
7,6,0.1412261045633256,1,Indre Kvarøy,5
7,7,0.011881091697328693,6,Onøy og Lurøy,5
7,8,0.025789909069254685,4,Lovund,5
7,9,-0.05537923744636867,14,Sleneset,5
7,10,0.005053598461691677,8,Aldra,5
7,11,0.005457708970096471,7,Southern 1,5
7,12,0.017132093066312814,5,Southern 2,5
7,13,-0.11527495581762778,15,Southern 3,5
7,14,0.03818871954012125,3,Southern 4,5
7,15,-0.014134350841907237,13,Southern 5,5
8,0,-0.005455949575336226,10,Nesøy,5
8,1,-0.004414598266934297,9,Myken,5
8,2,0.04375502574309716,2,Træna,5
8,3,-0.0057092418595462765,11,Selvær,5
8,4,-0.011068514117499697,12,Gjerøy,5
8,6,0.13680024758041323,1,Indre Kvarøy,5
8,7,0.009941374815741241,6,Onøy og Lurøy,5
8,8,0.02436190527250638,4,Lovund,5
8,9,-0.0530558837340828,14,Sleneset,5
8,10,0.004357738513082665,8,Aldra,5
8,11,0.005100619154572893,7,Southern 1,5
8,12,0.01927497727920436,5,Southern 2,5
8,13,-0.11046703763606042,15,Southern 3,5
8,14,0.03539511398526087,3,Southern 4,5
8,15,-0.01446551625527833,13,Southern 5,5
9,0,-0.005281352793835442,10,Nesøy,5
9,1,-0.004018277717994871,9,Myken,5
9,2,0.04189673093149308,2,Træna,5
9,3,-0.0056123703341460105,11,Selvær,5
9,4,-0.013493884508741144,12,Gjerøy,5
9,6,0.1454100822456225,1,Indre Kvarøy,5
9,7,0.0070503940414552,6,Onøy og Lurøy,5
9,8,0.022865449881376603,4,Lovund,5
9,9,-0.04984118190681721,14,Sleneset,5
9,10,0.0030298012426661267,8,Aldra,5
9,11,0.00444401125110202,7,Southern 1,5
9,12,0.017733284512171193,5,Southern 2,5
9,13,-0.10877329277921058,15,Southern 3,5
9,14,0.03292278578233939,3,Southern 4,5
9,15,-0.01398191894834008,13,Southern 5,5
10,0,-0.0052304557123243065,10,Nesøy,5
10,1,-0.0038150206823074477,9,Myken,5
10,2,0.04041639586417897,3,Træna,5
10,3,-0.005687542333456621,11,Selvær,5
10,4,-0.01618871504917358,13,Gjerøy,5
10,6,0.14167316335263247,1,Indre Kvarøy,5
10,7,0.0021737248560794314,7,Onøy og Lurøy,5
10,8,0.021664470628798355,4,Lovund,5
10,9,-0.046847630328088675,14,Sleneset,5
10,10,0.002094596509698689,8,Aldra,5
10,11,0.003900064307494283,6,Southern 1,5
10,12,0.01643552761348556,5,Southern 2,5
10,13,-0.10401190985840685,15,Southern 3,5
10,14,0.04156970984515965,2,Southern 4,5
10,15,-0.013796118114629139,12,Southern 5,5
11,0,-0.00503019172743001,10,Nesøy,5
11,1,-0.0035708508521522003,9,Myken,5
11,2,0.039199484643677285,3,Træna,5
11,3,-0.005824935555661755,11,Selvær,5
11,4,-0.018187847250259338,13,Gjerøy,5
11,6,0.14422405820883238,1,Indre Kvarøy,5
11,7,0.0010446816094169746,7,Onøy og Lurøy,5
11,8,0.01997864995452592,4,Lovund,5
11,9,-0.04522809960945062,14,Sleneset,5
11,10,0.0002757037707001851,8,Aldra,5
11,11,0.003957342681498461,6,Southern 1,5
11,12,0.01805731299130007,5,Southern 2,5
11,13,-0.09930224073047983,15,Southern 3,5
11,14,0.03946128225294113,2,Southern 4,5
11,15,-0.014704089488317864,12,Southern 5,5
12,0,-0.004350429459293425,10,Nesøy,5
12,1,-0.003599730848258434,9,Myken,5
12,2,0.04616665430764313,2,Træna,5
12,3,-0.0060333613525682325,11,Selvær,5
12,4,-0.016894924607797023,13,Gjerøy,5
12,6,0.1396749810792286,1,Indre Kvarøy,5
12,7,-0.0006253476655025195,8,Onøy og Lurøy,5
12,8,0.0201663226757193,4,Lovund,5
12,9,-0.04861014688412658,14,Sleneset,5
12,10,0.000930001391183842,7,Aldra,5
12,11,0.003498458942778879,6,Southern 1,5
12,12,0.01690514750749435,5,Southern 2,5
12,13,-0.09664160088096378,15,Southern 3,5
12,14,0.03901820384819685,3,Southern 4,5
12,15,-0.015253967154594166,12,Southern 5,5
13,0,-0.004648108160657015,10,Nesøy,5
13,1,-0.0037539827813983773,9,Myken,5
13,2,0.04766017437250959,2,Træna,5
13,3,-0.006535688785760169,11,Selvær,5
13,4,-0.01710066351775164,12,Gjerøy,5
13,6,0.13793812908977504,1,Indre Kvarøy,5
13,7,0.005948365073411909,6,Onøy og Lurøy,5
13,8,0.019154834499566096,4,Lovund,5
13,9,-0.047540774790289696,14,Sleneset,5
13,10,-1.7962314211246338e-05,8,Aldra,5
13,11,0.003116895134598079,7,Southern 1,5
13,12,0.015919375580838963,5,Southern 2,5
13,13,-0.09416844297284734,15,Southern 3,5
13,14,0.03889056474272967,3,Southern 4,5
13,15,-0.020512454271373087,13,Southern 5,5
14,0,-0.004106832837090795,9,Nesøy,5
14,1,-0.005786836186606926,10,Myken,5
14,2,0.05182273712474179,2,Træna,5
14,3,-0.0072682907539378715,11,Selvær,5
14,4,-0.01801347453744063,12,Gjerøy,5
14,6,0.13844395261931228,1,Indre Kvarøy,5
14,7,0.004705905681188096,6,Onøy og Lurøy,5
14,8,0.017910610344371063,5,Lovund,5
14,9,-0.04992663146325188,14,Sleneset,5
14,10,-0.0014148923228356261,8,Aldra,5
14,11,0.00414815276921499,7,Southern 1,5
14,12,0.018339413593039026,4,Southern 2,5
14,13,-0.09188606428739661,15,Southern 3,5
14,14,0.037135294702664294,3,Southern 4,5
14,15,-0.019752783546830435,13,Southern 5,5
15,0,-0.0041512027798663465,9,Nesøy,5
15,1,-0.005533427598241173,10,Myken,5
15,2,0.05049078499475541,2,Træna,5
15,3,-0.00792877115794203,11,Selvær,5
15,4,-0.01834495477355674,12,Gjerøy,5
15,6,0.14350027308251123,1,Indre Kvarøy,5
15,7,0.0021632463600660236,7,Onøy og Lurøy,5
15,8,0.017289351058521415,5,Lovund,5
15,9,-0.048369117884830365,14,Sleneset,5
15,10,-0.002337013120849322,8,Aldra,5
15,11,0.003200583467395809,6,Southern 1,5
15,12,0.017630509886975676,4,Southern 2,5
15,13,-0.08950123174679822,15,Southern 3,5
15,14,0.03560000505705178,3,Southern 4,5
15,15,-0.01935877394605236,13,Southern 5,5
16,0,-0.004395517464547468,9,Nesøy,5
16,1,-0.005300839837136721,10,Myken,5
16,2,0.04973433002071098,2,Træna,5
16,3,-0.008088289300194142,11,Selvær,5
16,4,-0.01842149075253488,12,Gjerøy,5
16,6,0.14635793685406503,1,Indre Kvarøy,5
16,7,0.00030356298112735325,7,Onøy og Lurøy,5
16,8,0.016462902048987434,5,Lovund,5
16,9,-0.04909911678643537,14,Sleneset,5
16,10,-0.0020773013756360055,8,Aldra,5
16,11,0.0028817674086629792,6,Southern 1,5
16,12,0.01800148406600139,4,Southern 2,5
16,13,-0.08776452777536901,15,Southern 3,5
16,14,0.0345562836279143,3,Southern 4,5
16,15,-0.018800922816475076,13,Southern 5,5
17,0,-0.004053548507136179,9,Nesøy,5
17,1,-0.005167200564308805,10,Myken,5
17,2,0.04852759487547004,2,Træna,5
17,3,-0.008523047853262447,11,Selvær,5
17,4,-0.018787324529591656,13,Gjerøy,5
17,6,0.14811063380154907,1,Indre Kvarøy,5
17,7,-0.0008069637564139711,7,Onøy og Lurøy,5
17,8,0.016000993953319248,5,Lovund,5
17,9,-0.04892872583671643,14,Sleneset,5
17,10,-0.0014770321643336483,8,Aldra,5
17,11,0.0026316982120123886,6,Southern 1,5
17,12,0.017343336546389237,4,Southern 2,5
17,13,-0.08565840964005605,15,Southern 3,5
17,14,0.033720255326941194,3,Southern 4,5
17,15,-0.018581998964721177,12,Southern 5,5
18,0,-0.004079007458054853,9,Nesøy,5
18,1,-0.004531150127244547,10,Myken,5
18,2,0.04822311313478581,2,Træna,5
18,3,-0.008953448944450703,11,Selvær,5
18,4,-0.015746091592356366,12,Gjerøy,5
18,6,0.14905880404125796,1,Indre Kvarøy,5
18,7,-0.00183239394732118,8,Onøy og Lurøy,5
18,8,0.015560689232617707,5,Lovund,5
18,9,-0.04740616802450222,14,Sleneset,5
18,10,-0.001828624818602805,7,Aldra,5
18,11,0.0023754583275655814,6,Southern 1,5
18,12,0.01678257124437199,4,Southern 2,5
18,13,-0.08374561726698644,15,Southern 3,5
18,14,0.032667031657670875,3,Southern 4,5
18,15,-0.022194904559610006,13,Southern 5,5
19,0,-0.004115500853879549,9,Nesøy,5
19,1,-0.004486428671091315,10,Myken,5
19,2,0.05004419555622008,2,Træna,5
19,3,-0.009512570430872424,11,Selvær,5
19,4,-0.015948005444022816,12,Gjerøy,5
19,6,0.1442459565572322,1,Indre Kvarøy,5
19,7,-0.0036241798377553863,8,Onøy og Lurøy,5
19,8,0.014787316535003875,5,Lovund,5
19,9,-0.04615127742959969,14,Sleneset,5
19,10,-0.0022908419312628993,7,Aldra,5
19,11,0.0021965318479345367,6,Southern 1,5
19,12,0.01603946653879308,4,Southern 2,5
19,13,-0.08243827486357024,15,Southern 3,5
19,14,0.03723150506571673,3,Southern 4,5
19,15,-0.021627631739705413,13,Southern 5,5
20,0,-0.004695616042684695,10,Nesøy,5
20,1,-0.004315757627731987,9,Myken,5
20,2,0.05052210366720776,2,Træna,5
20,3,-0.009459181887090844,11,Selvær,5
20,4,-0.01635515963036758,12,Gjerøy,5
20,6,0.14217263267645416,1,Indre Kvarøy,5
20,7,-0.003941885957513938,8,Onøy og Lurøy,5
20,8,0.015053580285583661,5,Lovund,5
20,9,-0.04556452819109051,14,Sleneset,5
20,10,-0.001882943395439757,7,Aldra,5
20,11,0.0032294040843141797,6,Southern 1,5
20,12,0.015397619447454377,4,Southern 2,5
20,13,-0.08223321680238177,15,Southern 3,5
20,14,0.03875538538582181,3,Southern 4,5
20,15,-0.022332175113394075,13,Southern 5,5
21,0,-0.00474633835529707,10,Nesøy,5
21,1,-0.004125966329697827,9,Myken,5
21,2,0.05031691054717891,2,Træna,5
21,3,-0.009405385429326488,11,Selvær,5
21,4,-0.014867990443370565,12,Gjerøy,5
21,6,0.13934829806297075,1,Indre Kvarøy,5
21,7,-0.0032149233274401477,8,Onøy og Lurøy,5
21,8,0.018095906162439463,4,Lovund,5
21,9,-0.048733507430295135,14,Sleneset,5
21,10,-0.001965478295361075,7,Aldra,5
21,11,0.0030020904094835744,6,Southern 1,5
21,12,0.015004034729989554,5,Southern 2,5
21,13,-0.08097710786756138,15,Southern 3,5
21,14,0.03835879305569764,3,Southern 4,5
21,15,-0.021739074590269403,13,Southern 5,5
22,0,-0.00470117943493711,9,Nesøy,5
22,1,-0.005402691971726019,10,Myken,5
22,2,0.04940583712654889,2,Træna,5
22,3,-0.008914533951307209,11,Selvær,5
22,4,-0.013449465968919933,12,Gjerøy,5
22,6,0.13794651911711428,1,Indre Kvarøy,5
22,7,-0.0035223496413258875,8,Onøy og Lurøy,5
22,8,0.018690486000015376,4,Lovund,5
22,9,-0.05028145836854958,14,Sleneset,5
22,10,-0.002205622839189658,7,Aldra,5
22,11,0.0028788328772507625,6,Southern 1,5
22,12,0.014688592521899036,5,Southern 2,5
22,13,-0.08015113112938253,15,Southern 3,5
22,14,0.04217020966670544,3,Southern 4,5
22,15,-0.022801783105055075,13,Southern 5,5
23,0,-0.004635958845092331,9,Nesøy,5
23,1,-0.005188856539686027,10,Myken,5
23,2,0.04842272664598599,2,Træna,5
23,3,-0.008720394176670728,11,Selvær,5
23,4,-0.013723529134707925,12,Gjerøy,5
23,6,0.13954712540172434,1,Indre Kvarøy,5
23,7,-0.004332490261373419,8,Onøy og Lurøy,5
23,8,0.019378665197686253,4,Lovund,5
23,9,-0.05126390991279727,14,Sleneset,5
23,10,-0.0027918024523625523,7,Aldra,5
23,11,0.003747317385871485,6,Southern 1,5
23,12,0.014310744675289571,5,Southern 2,5
23,13,-0.07939738627932204,15,Southern 3,5
23,14,0.04123784799629057,3,Southern 4,5
23,15,-0.022239838801695114,13,Southern 5,5
24,0,-0.00474036247526644,9,Nesøy,5
24,1,-0.004991979604763717,10,Myken,5
24,2,0.04838590437549924,2,Træna,5
24,3,-0.008811311683760353,11,Selvær,5
24,4,-0.013283084961308034,12,Gjerøy,5
24,6,0.13766866046869294,1,Indre Kvarøy,5
24,7,-0.004567732426854794,8,Onøy og Lurøy,5
24,8,0.020619699959267015,4,Lovund,5
24,9,-0.04995642991481244,14,Sleneset,5
24,10,-0.0028749443194490396,7,Aldra,5
24,11,0.003523165217301344,6,Southern 1,5
24,12,0.014463363666840694,5,Southern 2,5
24,13,-0.08047418562563678,15,Southern 3,5
24,14,0.04117537825470611,3,Southern 4,5
24,15,-0.021785880031314944,13,Southern 5,5
25,0,-0.004541129227339297,8,Nesøy,5
25,1,-0.005419831970130953,10,Myken,5
25,2,0.048065935199069404,2,Træna,5
25,3,-0.008898947023836024,11,Selvær,5
25,4,-0.013534542780343993,12,Gjerøy,5
25,6,0.13785765091648186,1,Indre Kvarøy,5
25,7,-0.0048499008670866125,9,Onøy og Lurøy,5
25,8,0.020075591016325438,4,Lovund,5
25,9,-0.049607519153438126,14,Sleneset,5
25,10,-0.0037278300581599444,7,Aldra,5
25,11,0.004296397671630386,6,Southern 1,5
25,12,0.01367719911176048,5,Southern 2,5
25,13,-0.08024626375081394,15,Southern 3,5
25,14,0.042748712857886735,3,Southern 4,5
25,15,-0.021545261042864635,13,Southern 5,5
26,0,-0.0044941682079159,8,Nesøy,5
26,1,-0.005357654866803994,9,Myken,5
26,2,0.047256875092899824,2,Træna,5
26,3,-0.007906612104503653,11,Selvær,5
26,4,-0.01365080971813264,12,Gjerøy,5
26,6,0.1399429378520273,1,Indre Kvarøy,5
26,7,-0.005467311638773316,10,Onøy og Lurøy,5
26,8,0.01968432956174726,4,Lovund,5
26,9,-0.05118463460265546,14,Sleneset,5
26,10,-0.004048916697016726,7,Aldra,5
26,11,0.005010150706395655,6,Southern 1,5
26,12,0.013448721617058576,5,Southern 2,5
26,13,-0.07946858939608147,15,Southern 3,5
26,14,0.041801587667273835,3,Southern 4,5
26,15,-0.02121564436637848,13,Southern 5,5
27,0,-0.004440614811070043,8,Nesøy,5
27,1,-0.0056065234658031525,10,Myken,5
27,2,0.05010563825339114,2,Træna,5
27,3,-0.009015727802992642,11,Selvær,5
27,4,-0.014079597041030109,12,Gjerøy,5
27,6,0.1402047523991379,1,Indre Kvarøy,5
27,7,-0.00547824322030538,9,Onøy og Lurøy,5
27,8,0.019357065924564685,4,Lovund,5
27,9,-0.05033673711636989,14,Sleneset,5
27,10,-0.0035979466261455853,7,Aldra,5
27,11,0.0047601701598359416,6,Southern 1,5
27,12,0.013127049546080674,5,Southern 2,5
27,13,-0.08067324909899368,15,Southern 3,5
27,14,0.040819920748974885,3,Southern 4,5
27,15,-0.020795696950133943,13,Southern 5,5
28,0,-0.004391983523624197,8,Nesøy,5
28,1,-0.005375984080423805,9,Myken,5
28,2,0.04928152161715076,2,Træna,5
28,3,-0.009222960677312967,11,Selvær,5
28,4,-0.014472358173047565,12,Gjerøy,5
28,6,0.13905604314615877,1,Indre Kvarøy,5
28,7,-0.0069024891997052215,10,Onøy og Lurøy,5
28,8,0.018829930775653324,4,Lovund,5
28,9,-0.04917578886257732,14,Sleneset,5
28,10,-0.003984004340710006,7,Aldra,5
28,11,0.004509701025175126,6,Southern 1,5
28,12,0.012824489392493943,5,Southern 2,5
28,13,-0.07976027897521391,15,Southern 3,5
28,14,0.043626067379745136,3,Southern 4,5
28,15,-0.020491644604621256,13,Southern 5,5
29,0,-0.004518475048146269,8,Nesøy,5
29,1,-0.005308228417403988,9,Myken,5
29,2,0.048790843631860564,2,Træna,5
29,3,-0.009589650270527,11,Selvær,5
29,4,-0.014649008650686478,12,Gjerøy,5
29,6,0.14052060239256547,1,Indre Kvarøy,5
29,7,-0.00806887196011576,10,Onøy og Lurøy,5
29,8,0.019650866789024127,4,Lovund,5
29,9,-0.04843044135613871,14,Sleneset,5
29,10,-0.00420470948554938,7,Aldra,5
29,11,0.004303046409744962,6,Southern 1,5
29,12,0.012565030621051835,5,Southern 2,5
29,13,-0.07920553644005957,15,Southern 3,5
29,14,0.04266880873522314,3,Southern 4,5
29,15,-0.020174016051702146,13,Southern 5,5
30,0,-0.005419643106924801,9,Nesøy,5
30,1,-0.005216392978434413,8,Myken,5
30,2,0.051369880366390806,2,Træna,5
30,3,-0.00950127719335788,11,Selvær,5
30,4,-0.014957223855355781,12,Gjerøy,5
30,6,0.1393122084312007,1,Indre Kvarøy,5
30,7,-0.007438677855437179,10,Onøy og Lurøy,5
30,8,0.021200183037394803,4,Lovund,5
30,9,-0.0474049878560082,14,Sleneset,5
30,10,-0.004113466471793995,7,Aldra,5
30,11,0.004188777832859309,6,Southern 1,5
30,12,0.012331840909927623,5,Southern 2,5
30,13,-0.08186033846480593,15,Southern 3,5
30,14,0.041690162424390345,3,Southern 4,5
30,15,-0.01983078432090461,13,Southern 5,5
31,0,-0.0053701903581892295,9,Nesøy,5
31,1,-0.005134348114401713,8,Myken,5
31,2,0.055530978206860024,2,Træna,5
31,3,-0.00945232146734476,11,Selvær,5
31,4,-0.015143694831779785,12,Gjerøy,5
31,6,0.1391513574604642,1,Indre Kvarøy,5
31,7,-0.007833408235872403,10,Onøy og Lurøy,5
31,8,0.021582556331187934,4,Lovund,5
31,9,-0.04656290396686599,14,Sleneset,5
31,10,-0.0040342654011264484,7,Aldra,5
31,11,0.003986151615562044,6,Southern 1,5
31,12,0.01211157723300156,5,Southern 2,5
31,13,-0.0857792372207945,15,Southern 3,5
31,14,0.0408122159891441,3,Southern 4,5
31,15,-0.019514206340704235,13,Southern 5,5
32,0,-0.0048791028233068955,8,Nesøy,5
32,1,-0.005030218185900967,9,Myken,5
32,2,0.05943200743229991,2,Træna,5
32,3,-0.009819818575430118,11,Selvær,5
32,4,-0.015489142581812354,12,Gjerøy,5
32,6,0.1369478230834986,1,Indre Kvarøy,5
32,7,-0.00787176741550911,10,Onøy og Lurøy,5
32,8,0.021078767424511632,4,Lovund,5
32,9,-0.045934955792374506,14,Sleneset,5
32,10,-0.004082082522599549,7,Aldra,5
32,11,0.003764837456565007,6,Southern 1,5
32,12,0.011904246549179851,5,Southern 2,5
32,13,-0.08628775290763466,15,Southern 3,5
32,14,0.04003263319850232,3,Southern 4,5
32,15,-0.01941521344084836,13,Southern 5,5
33,0,-0.004662073426516116,8,Nesøy,5
33,1,-0.0049973323457260365,9,Myken,5
33,2,0.059779759747924724,2,Træna,5
33,3,-0.009764177093961058,11,Selvær,5
33,4,-0.015226068750333159,12,Gjerøy,5
33,6,0.13549452997052758,1,Indre Kvarøy,5
33,7,-0.007567953614175553,10,Onøy og Lurøy,5
33,8,0.02116236003529541,4,Lovund,5
33,9,-0.04523990763894367,14,Sleneset,5
33,10,-0.003599979358378347,7,Aldra,5
33,11,0.0036995188540924462,6,Southern 1,5
33,12,0.01241388161312681,5,Southern 2,5
33,13,-0.09013751603521396,15,Southern 3,5
33,14,0.04243746329583685,3,Southern 4,5
33,15,-0.019442244354415127,13,Southern 5,5
34,0,-0.0045660790532294875,8,Nesøy,5
34,1,-0.004858133190791639,9,Myken,5
34,2,0.05881654247412284,2,Træna,5
34,3,-0.00986437461897512,11,Selvær,5
34,4,-0.015858196077853617,12,Gjerøy,5
34,6,0.13606215469718763,1,Indre Kvarøy,5
34,7,-0.007825405980791098,10,Onøy og Lurøy,5
34,8,0.020837919162429108,4,Lovund,5
34,9,-0.044453888210527766,14,Sleneset,5
34,10,-0.003663312580819141,7,Aldra,5
34,11,0.004262885257664062,6,Southern 1,5
34,12,0.012355327470799104,5,Southern 2,5
34,13,-0.08926031079618998,15,Southern 3,5
34,14,0.04173589883445128,3,Southern 4,5
34,15,-0.01937076648833536,13,Southern 5,5
35,0,-0.00452822030359086,8,Nesøy,5
35,1,-0.004765845174146027,9,Myken,5
35,2,0.05813029068037428,2,Træna,5
35,3,-0.009810639620917293,11,Selvær,5
35,4,-0.01683167808164284,12,Gjerøy,5
35,6,0.13555802105926743,1,Indre Kvarøy,5
35,7,-0.007398767589370615,10,Onøy og Lurøy,5
35,8,0.020480779933436864,4,Lovund,5
35,9,-0.04379252991186174,14,Sleneset,5
35,10,-0.0038151337435932907,7,Aldra,5
35,11,0.004110195417658423,6,Southern 1,5
35,12,0.012118193086662482,5,Southern 2,5
35,13,-0.08870964485340246,15,Southern 3,5
35,14,0.04481153600815568,3,Southern 4,5
35,15,-0.02120629600788921,13,Southern 5,5
36,0,-0.004204941204995507,8,Nesøy,5
36,1,-0.004733088941035365,9,Myken,5
36,2,0.05868448946402622,2,Træna,5
36,3,-0.009863013697426332,11,Selvær,5
36,4,-0.015339155034482292,12,Gjerøy,5
36,6,0.13485416368129155,1,Indre Kvarøy,5
36,7,-0.0066388068932390866,10,Onøy og Lurøy,5
36,8,0.02012687813665792,4,Lovund,5
36,9,-0.04309770777673917,14,Sleneset,5
36,10,-0.0039048134620931416,7,Aldra,5
36,11,0.005571864268745679,6,Southern 1,5
36,12,0.011938820147664534,5,Southern 2,5
36,13,-0.09211842841751239,15,Southern 3,5
36,14,0.04400748130483488,3,Southern 4,5
36,15,-0.020933480676556718,13,Southern 5,5
37,0,-0.004197650851608746,8,Nesøy,5
37,1,-0.004634900374500222,9,Myken,5
37,2,0.0578627826241542,2,Træna,5
37,3,-0.009835485457504014,11,Selvær,5
37,4,-0.01552552316641656,12,Gjerøy,5
37,6,0.13937043139847427,1,Indre Kvarøy,5
37,7,-0.006754688117271509,10,Onøy og Lurøy,5
37,8,0.019799080058437207,4,Lovund,5
37,9,-0.042549404922553026,14,Sleneset,5
37,10,-0.003992554171808473,7,Aldra,5
37,11,0.00544159005848078,6,Southern 1,5
37,12,0.011789209205506345,5,Southern 2,5
37,13,-0.09534295341058933,15,Southern 3,5
37,14,0.04357112176760753,3,Southern 4,5
37,15,-0.020650793741267635,13,Southern 5,5
38,0,-0.004255477774975986,8,Nesøy,5
38,1,-0.004530175843303251,9,Myken,5
38,2,0.05844863083757309,2,Træna,5
38,3,-0.009769394456973057,11,Selvær,5
38,4,-0.015771469037398816,12,Gjerøy,5
38,6,0.13792863080981116,1,Indre Kvarøy,5
38,7,-0.0065809873599867105,10,Onøy og Lurøy,5
38,8,0.0198672085158966,4,Lovund,5
38,9,-0.04249725650326513,14,Sleneset,5
38,10,-0.003913901207371745,7,Aldra,5
38,11,0.005588049397816575,6,Southern 1,5
38,12,0.011828994236488786,5,Southern 2,5
38,13,-0.09479706699314763,15,Southern 3,5
38,14,0.043169941954523235,3,Southern 4,5
38,15,-0.020365465676546336,13,Southern 5,5
39,0,-0.004268731728918245,7,Nesøy,5
39,1,-0.0044629184381028714,9,Myken,5
39,2,0.06173541908000259,2,Træna,5
39,3,-0.00976471988664278,11,Selvær,5
39,4,-0.015883744950222715,12,Gjerøy,5
39,6,0.13673054953341607,1,Indre Kvarøy,5
39,7,-0.0070603682793708746,10,Onøy og Lurøy,5
39,8,0.019691247525759917,4,Lovund,5
39,9,-0.044282277931755445,14,Sleneset,5
39,10,-0.004436285478515572,8,Aldra,5
39,11,0.005412311257639454,6,Southern 1,5
39,12,0.011635782434532343,5,Southern 2,5
39,13,-0.09386771159112545,15,Southern 3,5
39,14,0.04324819083362191,3,Southern 4,5
39,15,-0.020076481481177584,13,Southern 5,5
40,0,-0.004656465602789212,8,Nesøy,5
40,1,-0.0044689837607526815,7,Myken,5
40,2,0.0621439348116455,2,Træna,5
40,3,-0.00974178288900048,11,Selvær,5
40,4,-0.015693806053186574,12,Gjerøy,5
40,6,0.1354256257407419,1,Indre Kvarøy,5
40,7,-0.006896030954956006,10,Onøy og Lurøy,5
40,8,0.0195904768311874,4,Lovund,5
40,9,-0.04360767274554871,14,Sleneset,5
40,10,-0.005343853648517425,9,Aldra,5
40,11,0.005307271786684025,6,Southern 1,5
40,12,0.011305573501389147,5,Southern 2,5
40,13,-0.09430644901527242,15,Southern 3,5
40,14,0.045151786723044915,3,Southern 4,5
40,15,-0.01985936382552861,13,Southern 5,5
41,0,-0.004679768012643012,8,Nesøy,5
41,1,-0.004503479961431891,7,Myken,5
41,2,0.06128174850096151,2,Træna,5
41,3,-0.009634772786093463,11,Selvær,5
41,4,-0.01547114427635295,12,Gjerøy,5
41,6,0.13434952156206043,1,Indre Kvarøy,5
41,7,-0.0067763314102464505,10,Onøy og Lurøy,5
41,8,0.019550459016511843,4,Lovund,5
41,9,-0.04340192115817743,14,Sleneset,5
41,10,-0.005274675647262054,9,Aldra,5
41,11,0.005288317021680518,6,Southern 1,5
41,12,0.011865807483536855,5,Southern 2,5
41,13,-0.09331307475815855,15,Southern 3,5
41,14,0.044685468425948595,3,Southern 4,5
41,15,-0.019615893101193178,13,Southern 5,5
42,0,-0.004675507125811263,7,Nesøy,5
42,1,-0.005163252592214895,9,Myken,5
42,2,0.06279076227334911,2,Træna,5
42,3,-0.009563282959912014,11,Selvær,5
42,4,-0.015684725140119704,12,Gjerøy,5
42,6,0.13350260463375832,1,Indre Kvarøy,5
42,7,-0.007040534813312955,10,Onøy og Lurøy,5
42,8,0.02085690077027934,4,Lovund,5
42,9,-0.04379044366777209,14,Sleneset,5
42,10,-0.005156728809036891,8,Aldra,5
42,11,0.005112528250516042,6,Southern 1,5
42,12,0.011783543803234561,5,Southern 2,5
42,13,-0.09239778213067452,15,Southern 3,5
42,14,0.04399928028934523,3,Southern 4,5
42,15,-0.02022310188248749,13,Southern 5,5
43,0,-0.00465093366962458,7,Nesøy,5
43,1,-0.005081357793718485,8,Myken,5
43,2,0.06362556434397693,2,Træna,5
43,3,-0.008509506807678558,11,Selvær,5
43,4,-0.015568191460532746,12,Gjerøy,5
43,6,0.13302440427833848,1,Indre Kvarøy,5
43,7,-0.007033882881557339,10,Onøy og Lurøy,5
43,8,0.021909771781206438,4,Lovund,5
43,9,-0.043263821413677975,14,Sleneset,5
43,10,-0.005201144968139244,9,Aldra,5
43,11,0.005012335480242126,6,Southern 1,5
43,12,0.011644514003616102,5,Southern 2,5
43,13,-0.09483060722605972,15,Southern 3,5
43,14,0.04333200093670625,3,Southern 4,5
43,15,-0.020058883703956875,13,Southern 5,5
44,0,-0.004645843464030913,7,Nesøy,5
44,1,-0.005058574526947719,8,Myken,5
44,2,0.06286186459996054,2,Træna,5
44,3,-0.008938894988300401,11,Selvær,5
44,4,-0.015674419621467605,12,Gjerøy,5
44,6,0.1348713214439966,1,Indre Kvarøy,5
44,7,-0.006861186168463932,10,Onøy og Lurøy,5
44,8,0.02169843140943603,4,Lovund,5
44,9,-0.04292367284870225,14,Sleneset,5
44,10,-0.005375174922676703,9,Aldra,5
44,11,0.004884519142685876,6,Southern 1,5
44,12,0.011489505550595235,5,Southern 2,5
44,13,-0.09475164295110527,15,Southern 3,5
44,14,0.042707763794704,3,Southern 4,5
44,15,-0.01993373555054271,13,Southern 5,5
45,0,-0.004631101801116766,7,Nesøy,5
45,1,-0.005039300321889423,8,Myken,5
45,2,0.06215125493225725,2,Træna,5
45,3,-0.008920156541499878,11,Selvær,5
45,4,-0.01524946439363794,12,Gjerøy,5
45,6,0.1341581016122655,1,Indre Kvarøy,5
45,7,-0.005382129288176712,10,Onøy og Lurøy,5
45,8,0.021620986141583334,4,Lovund,5
45,9,-0.04309194948820119,14,Sleneset,5
45,10,-0.005122404453568383,9,Aldra,5
45,11,0.004731960501558853,6,Southern 1,5
45,12,0.011993503293425868,5,Southern 2,5
45,13,-0.09518318069726575,15,Southern 3,5
45,14,0.04366300060110824,3,Southern 4,5
45,15,-0.02134885919770221,13,Southern 5,5
46,0,-0.004594551000070671,7,Nesøy,5
46,1,-0.00540753914628972,10,Myken,5
46,2,0.06142210930451688,2,Træna,5
46,3,-0.008820258124744747,11,Selvær,5
46,4,-0.015446676368809439,12,Gjerøy,5
46,6,0.13378741524004212,1,Indre Kvarøy,5
46,7,-0.00523356170194742,9,Onøy og Lurøy,5
46,8,0.0219823799691711,4,Lovund,5
46,9,-0.04252873180736354,14,Sleneset,5
46,10,-0.004806187440387352,8,Aldra,5
46,11,0.004586034844828657,6,Southern 1,5
46,12,0.012477887282034984,5,Southern 2,5
46,13,-0.09435629596254892,15,Southern 3,5
46,14,0.04301301474283162,3,Southern 4,5
46,15,-0.021724778932122758,13,Southern 5,5
47,0,-0.0045970068342003996,7,Nesøy,5
47,1,-0.0053826510867075435,10,Myken,5
47,2,0.06178439065997895,2,Træna,5
47,3,-0.008794584294125735,11,Selvær,5
47,4,-0.015589604285959818,12,Gjerøy,5
47,6,0.1332837222593765,1,Indre Kvarøy,5
47,7,-0.00473993116591366,8,Onøy og Lurøy,5
47,8,0.021803734587492223,4,Lovund,5
47,9,-0.04199713212119305,14,Sleneset,5
47,10,-0.004941351818048253,9,Aldra,5
47,11,0.004524437837896898,6,Southern 1,5
47,12,0.01230242855657959,5,Southern 2,5
47,13,-0.09424890843255394,15,Southern 3,5
47,14,0.04240410437498098,3,Southern 4,5
47,15,-0.02146138733846195,13,Southern 5,5
48,0,-0.004641582683123097,8,Nesøy,5
48,1,-0.005287809622183736,10,Myken,5
48,2,0.06136715826247815,2,Træna,5
48,3,-0.008582475085757517,11,Selvær,5
48,4,-0.016284257801729186,12,Gjerøy,5
48,6,0.13224229974057405,1,Indre Kvarøy,5
48,7,-0.00450128829409148,7,Onøy og Lurøy,5
48,8,0.02272720583025581,4,Lovund,5
48,9,-0.041728097632112916,14,Sleneset,5
48,10,-0.004804879385411082,9,Aldra,5
48,11,0.004459888669855955,6,Southern 1,5
48,12,0.012134280611351503,5,Southern 2,5
48,13,-0.09342519563699588,15,Southern 3,5
48,14,0.04200235146017478,3,Southern 4,5
48,15,-0.021327337534144567,13,Southern 5,5
49,0,-0.0046695570741051,8,Nesøy,5
49,1,-0.005194554167050828,10,Myken,5
49,2,0.061082851888413746,2,Træna,5
49,3,-0.00858320196956584,11,Selvær,5
49,4,-0.015685683890854053,12,Gjerøy,5
49,6,0.13149435411115004,1,Indre Kvarøy,5
49,7,-0.003424550990522451,7,Onøy og Lurøy,5
49,8,0.02269454963986536,4,Lovund,5
49,9,-0.043164526092975664,14,Sleneset,5
49,10,-0.004852763882067191,9,Aldra,5
49,11,0.004371276514986969,6,Southern 1,5
49,12,0.013063099691042966,5,Southern 2,5
49,13,-0.09344372266129292,15,Southern 3,5
49,14,0.041765620860058875,3,Southern 4,5
49,15,-0.02110293107794313,13,Southern 5,5
50,0,-0.0046860126743855715,8,Nesøy,5
50,1,-0.005129502995318985,10,Myken,5
50,2,0.06363006618428237,2,Træna,5
50,3,-0.008544738733155022,11,Selvær,5
50,4,-0.015634082611927936,12,Gjerøy,5
50,6,0.13077844873684683,1,Indre Kvarøy,5
50,7,-0.0028224240529641574,7,Onøy og Lurøy,5
50,8,0.022519262259990968,4,Lovund,5
50,9,-0.042726779425334274,14,Sleneset,5
50,10,-0.004705541330589026,9,Aldra,5
50,11,0.004244238590526627,6,Southern 1,5
50,12,0.01290672138812987,5,Southern 2,5
50,13,-0.09580336527129425,15,Southern 3,5
50,14,0.04122599127874875,3,Southern 4,5
50,15,-0.02090202044441538,13,Southern 5,5
51,0,-0.00481444984805451,9,Nesøy,5
51,1,-0.0054598712943186726,10,Myken,5
51,2,0.06348511095316142,2,Træna,5
51,3,-0.00855389084168811,11,Selvær,5
51,4,-0.015549484659521782,12,Gjerøy,5
51,6,0.12992541172216943,1,Indre Kvarøy,5
51,7,-0.003167984599414755,7,Onøy og Lurøy,5
51,8,0.023068792035401388,4,Lovund,5
51,9,-0.04337240475894695,14,Sleneset,5
51,10,-0.004705798907054215,8,Aldra,5
51,11,0.0042019375882497555,6,Southern 1,5
51,12,0.0133257105132537,5,Southern 2,5
51,13,-0.09496830312621621,15,Southern 3,5
51,14,0.04162133095248393,3,Southern 4,5
51,15,-0.020685844830363627,13,Southern 5,5
52,0,-0.005239733469083284,9,Nesøy,5
52,1,-0.005370144203032277,10,Myken,5
52,2,0.06286855162113868,2,Træna,5
52,3,-0.00855576254512627,11,Selvær,5
52,4,-0.01585829450471905,12,Gjerøy,5
52,6,0.1302415635977571,1,Indre Kvarøy,5
52,7,-0.0032964410026339744,7,Onøy og Lurøy,5
52,8,0.02288282232663071,4,Lovund,5
52,9,-0.04293833190548109,14,Sleneset,5
52,10,-0.00445900902006271,8,Aldra,5
52,11,0.00408923956274422,6,Southern 1,5
52,12,0.01315081852618404,5,Southern 2,5
52,13,-0.09483821806304803,15,Southern 3,5
52,14,0.0421771849517717,3,Southern 4,5
52,15,-0.020503984973898954,13,Southern 5,5
53,0,-0.0052322382105063,9,Nesøy,5
53,1,-0.005301335201523558,10,Myken,5
53,2,0.06289869688529912,2,Træna,5
53,3,-0.008393920082572866,11,Selvær,5
53,4,-0.01588577583734289,12,Gjerøy,5
53,6,0.1295889294895965,1,Indre Kvarøy,5
53,7,-0.00304820046161423,7,Onøy og Lurøy,5
53,8,0.022615412140750576,4,Lovund,5
53,9,-0.043802549104766345,14,Sleneset,5
53,10,-0.004509805448392855,8,Aldra,5
53,11,0.00409126664991431,6,Southern 1,5
53,12,0.01354939113454746,5,Southern 2,5
53,13,-0.09463488710402548,15,Southern 3,5
53,14,0.04282561292257479,3,Southern 4,5
53,15,-0.020410336872797412,13,Southern 5,5
54,0,-0.00525690285933717,10,Nesøy,5
54,1,-0.005241139553551359,9,Myken,5
54,2,0.0634888348335096,2,Træna,5
54,3,-0.008284753841067563,11,Selvær,5
54,4,-0.01409952442093598,12,Gjerøy,5
54,6,0.12875546799959056,1,Indre Kvarøy,5
54,7,-0.0029548713386363342,7,Onøy og Lurøy,5
54,8,0.02259350092519464,4,Lovund,5
54,9,-0.04350005319446448,14,Sleneset,5
54,10,-0.0042770288544138665,8,Aldra,5
54,11,0.004104693955150413,6,Southern 1,5
54,12,0.013353009067485717,5,Southern 2,5
54,13,-0.09679768277175389,15,Southern 3,5
54,14,0.04271284448083527,3,Southern 4,5
54,15,-0.020246133528464758,13,Southern 5,5
55,0,-0.005246958720152275,10,Nesøy,5
55,1,-0.00513217798307513,9,Myken,5
55,2,0.0628377054816848,2,Træna,5
55,3,-0.00825257128941535,11,Selvær,5
55,4,-0.013764853352653579,12,Gjerøy,5
55,6,0.12811574853291485,1,Indre Kvarøy,5
55,7,-0.0013611916228856004,7,Onøy og Lurøy,5
55,8,0.022492923567183198,4,Lovund,5
55,9,-0.04474756299482672,14,Sleneset,5
55,10,-0.004123309008439965,8,Aldra,5
55,11,0.004067513370238664,6,Southern 1,5
55,12,0.013187160305997458,5,Southern 2,5
55,13,-0.09594593656952259,15,Southern 3,5
55,14,0.042501744629758205,3,Southern 4,5
55,15,-0.02027797344766516,13,Southern 5,5
56,0,-0.005232909617595094,10,Nesøy,5
56,1,-0.005078130928209917,9,Myken,5
56,2,0.06287308847187965,2,Træna,5
56,3,-0.008119009836380527,11,Selvær,5
56,4,-0.01371539697009315,12,Gjerøy,5
56,6,0.12755260672029206,1,Indre Kvarøy,5
56,7,0.0003174115516124708,7,Onøy og Lurøy,5
56,8,0.022457608516907705,4,Lovund,5
56,9,-0.044850215827529,14,Sleneset,5
56,10,-0.00417737884260283,8,Aldra,5
56,11,0.0041096687121378725,6,Southern 1,5
56,12,0.013158345388616264,5,Southern 2,5
56,13,-0.0955861664568898,15,Southern 3,5
56,14,0.04204971929010768,3,Southern 4,5
56,15,-0.021408979273112565,13,Southern 5,5
57,0,-0.005220048596186555,10,Nesøy,5
57,1,-0.0050450251295577,9,Myken,5
57,2,0.06224426889234949,2,Træna,5
57,3,-0.007572571442122316,11,Selvær,5
57,4,-0.01344517351380171,12,Gjerøy,5
57,6,0.12696720129912564,1,Indre Kvarøy,5
57,7,0.0010597642281321466,7,Onøy og Lurøy,5
57,8,0.022394031669491433,4,Lovund,5
57,9,-0.04462198042813931,14,Sleneset,5
57,10,-0.00380957217663408,8,Aldra,5
57,11,0.0040271130516033584,6,Southern 1,5
57,12,0.013100864610168472,5,Southern 2,5
57,13,-0.09716107369148301,15,Southern 3,5
57,14,0.04340660187116793,3,Southern 4,5
57,15,-0.021974139744972997,13,Southern 5,5
58,0,-0.005106614530259893,10,Nesøy,5
58,1,-0.004929768149507038,9,Myken,5
58,2,0.06186616057872853,2,Træna,5
58,3,-0.007634565425174449,11,Selvær,5
58,4,-0.014098966441172157,12,Gjerøy,5
58,6,0.1286089708397748,1,Indre Kvarøy,5
58,7,0.0006673154772649326,7,Onøy og Lurøy,5
58,8,0.02222234534007372,4,Lovund,5
58,9,-0.045414920779948784,14,Sleneset,5
58,10,-0.0038671867894776372,8,Aldra,5
58,11,0.004351714146843428,6,Southern 1,5
58,12,0.01298401312646367,5,Southern 2,5
58,13,-0.09641177467454878,15,Southern 3,5
58,14,0.04292229029662127,3,Southern 4,5
58,15,-0.02180875211654081,13,Southern 5,5
59,0,-0.005150751158556752,10,Nesøy,5
59,1,-0.004892271037813281,9,Myken,5
59,2,0.06387459706757952,2,Træna,5
59,3,-0.007817241791212164,11,Selvær,5
59,4,-0.014227269098489563,12,Gjerøy,5
59,6,0.12786275114807144,1,Indre Kvarøy,5
59,7,-0.0007811410270097205,7,Onøy og Lurøy,5
59,8,0.022014165072347536,4,Lovund,5
59,9,-0.044944609027382634,14,Sleneset,5
59,10,-0.0038105271534730058,8,Aldra,5
59,11,0.004334871746738155,6,Southern 1,5
59,12,0.012865603895005795,5,Southern 2,5
59,13,-0.09583572536619418,15,Southern 3,5
59,14,0.042547474632569304,3,Southern 4,5
59,15,-0.021689667003039637,13,Southern 5,5
60,0,-0.004796500262385694,9,Nesøy,5
60,1,-0.004884602109129153,10,Myken,5
60,2,0.06459880980883091,2,Træna,5
60,3,-0.00774656290070484,11,Selvær,5
60,4,-0.014041880265601308,12,Gjerøy,5
60,6,0.1271414054460915,1,Indre Kvarøy,5
60,7,-0.00023786500915196594,7,Onøy og Lurøy,5
60,8,0.021909480266141538,4,Lovund,5
60,9,-0.0447897806843861,14,Sleneset,5
60,10,-0.0036115637806400547,8,Aldra,5
60,11,0.004253751796755812,6,Southern 1,5
60,12,0.01273162619509914,5,Southern 2,5
60,13,-0.09689014905630246,15,Southern 3,5
60,14,0.04222555418364529,3,Southern 4,5
60,15,-0.021511462729121845,13,Southern 5,5
61,0,-0.004933209948330198,9,Nesøy,5
61,1,-0.005020238275962845,10,Myken,5
61,2,0.0648580786012853,2,Træna,5
61,3,-0.007989373262283876,11,Selvær,5
61,4,-0.014165369729132548,12,Gjerøy,5
61,6,0.12704065272231266,1,Indre Kvarøy,5
61,7,-0.00046184295622970085,7,Onøy og Lurøy,5
61,8,0.02163698456182556,4,Lovund,5
61,9,-0.04433909691060085,14,Sleneset,5
61,10,-0.0038340261594709086,8,Aldra,5
61,11,0.0041909183714947795,6,Southern 1,5
61,12,0.012142090871191702,5,Southern 2,5
61,13,-0.09666929084404456,15,Southern 3,5
61,14,0.043490578318512454,3,Southern 4,5
61,15,-0.021596594461426175,13,Southern 5,5
62,0,-0.0048877500733877305,9,Nesøy,5
62,1,-0.005013736390877606,10,Myken,5
62,2,0.06436718318824931,2,Træna,5
62,3,-0.008003671208184269,11,Selvær,5
62,4,-0.014421890994267574,12,Gjerøy,5
62,6,0.12847167414978572,1,Indre Kvarøy,5
62,7,-0.0007622888607464931,7,Onøy og Lurøy,5
62,8,0.021436875816777688,4,Lovund,5
62,9,-0.04543222586711355,14,Sleneset,5
62,10,-0.003216901535522514,8,Aldra,5
62,11,0.004112273979163313,6,Southern 1,5
62,12,0.01206095211289765,5,Southern 2,5
62,13,-0.09600408404909168,15,Southern 3,5
62,14,0.04308774768331694,3,Southern 4,5
62,15,-0.021443897051858434,13,Southern 5,5
63,0,-0.004852177215984356,9,Nesøy,5
63,1,-0.004964594822294407,10,Myken,5
63,2,0.0641570254887689,2,Træna,5
63,3,-0.007904817472978654,11,Selvær,5
63,4,-0.014184335074617504,12,Gjerøy,5
63,6,0.12801733853739314,1,Indre Kvarøy,5
63,7,0.0005141692803196097,7,Onøy og Lurøy,5
63,8,0.02237513090173781,4,Lovund,5
63,9,-0.04505901149720996,14,Sleneset,5
63,10,-0.0032821518163577315,8,Aldra,5
63,11,0.004015561380953893,6,Southern 1,5
63,12,0.011978376347744832,5,Southern 2,5
63,13,-0.09783617562230228,15,Southern 3,5
63,14,0.04267551793486183,3,Southern 4,5
63,15,-0.021299595450894337,13,Southern 5,5
64,0,-0.004489586886764159,9,Nesøy,5
64,1,-0.004927983217669468,10,Myken,5
64,2,0.06561488994854797,2,Træna,5
64,3,-0.00790779946374894,11,Selvær,5
64,4,-0.014557049973615453,12,Gjerøy,5
64,6,0.12767902351929525,1,Indre Kvarøy,5
64,7,0.00033508520387471143,7,Onøy og Lurøy,5
64,8,0.022360002584625685,4,Lovund,5
64,9,-0.046106731508415856,14,Sleneset,5
64,10,-0.003300921460986717,8,Aldra,5
64,11,0.003921871051438518,6,Southern 1,5
64,12,0.011865053173582416,5,Southern 2,5
64,13,-0.09751594320047126,15,Southern 3,5
64,14,0.042574983268325914,3,Southern 4,5
64,15,-0.021194632138877796,13,Southern 5,5
65,0,-0.0044429929026362,9,Nesøy,5
65,1,-0.004868215346222933,10,Myken,5
65,2,0.06528760002881852,2,Træna,5
65,3,-0.007932520712942401,11,Selvær,5
65,4,-0.01504683595716951,12,Gjerøy,5
65,6,0.12988325051063296,1,Indre Kvarøy,5
65,7,0.0001179674055575317,7,Onøy og Lurøy,5
65,8,0.02215137969888987,4,Lovund,5
65,9,-0.04712221398081542,14,Sleneset,5
65,10,-0.0033890204147288797,8,Aldra,5
65,11,0.0038097201106211446,6,Southern 1,5
65,12,0.011782964865142286,5,Southern 2,5
65,13,-0.09681509052777246,15,Southern 3,5
65,14,0.04214124944442272,3,Southern 4,5
65,15,-0.021206981322656398,13,Southern 5,5
66,0,-0.004455598982606545,9,Nesøy,5
66,1,-0.004867153229730542,10,Myken,5
66,2,0.06532988932897925,2,Træna,5
66,3,-0.007866520525788316,11,Selvær,5
66,4,-0.014942658192490276,12,Gjerøy,5
66,6,0.12919686806394573,1,Indre Kvarøy,5
66,7,0.0003884084068618012,7,Onøy og Lurøy,5
66,8,0.022023009510075853,4,Lovund,5
66,9,-0.04701634966739483,14,Sleneset,5
66,10,-0.0033520910542597336,8,Aldra,5
66,11,0.0038322729719867388,6,Southern 1,5
66,12,0.011685465930367607,5,Southern 2,5
66,13,-0.09641151724786241,15,Southern 3,5
66,14,0.04186458968165702,3,Southern 4,5
66,15,-0.021058354094600513,13,Southern 5,5
67,0,-0.004418604347350035,9,Nesøy,5
67,1,-0.0048515349668512625,10,Myken,5
67,2,0.06557050883036247,2,Træna,5
67,3,-0.00791183237386344,11,Selvær,5
67,4,-0.015141446087112521,12,Gjerøy,5
67,6,0.12874907422877668,1,Indre Kvarøy,5
67,7,-0.00014659660155605836,7,Onøy og Lurøy,5
67,8,0.021832072687072594,4,Lovund,5
67,9,-0.0465974924681627,14,Sleneset,5
67,10,-0.0035651360955045626,8,Aldra,5
67,11,0.0037600081979092424,6,Southern 1,5
67,12,0.011942964015679205,5,Southern 2,5
67,13,-0.09579822605961526,15,Southern 3,5
67,14,0.04206912684448062,3,Southern 4,5
67,15,-0.02114262490512418,13,Southern 5,5
68,0,-0.004472157779517891,9,Nesøy,5
68,1,-0.00486559760852842,10,Myken,5
68,2,0.06606093992426584,2,Træna,5
68,3,-0.0073524318206758185,11,Selvær,5
68,4,-0.01500270476359844,12,Gjerøy,5
68,6,0.128373496290511,1,Indre Kvarøy,5
68,7,0.0002562399773437119,7,Onøy og Lurøy,5
68,8,0.021646751652981196,4,Lovund,5
68,9,-0.046292623330175524,14,Sleneset,5
68,10,-0.003615690893212652,8,Aldra,5
68,11,0.003872358099489608,6,Southern 1,5
68,12,0.011828448979538598,5,Southern 2,5
68,13,-0.09666094111787324,15,Southern 3,5
68,14,0.041722099824267056,3,Southern 4,5
68,15,-0.021147926535674214,13,Southern 5,5
69,0,-0.0044766961640978625,9,Nesøy,5
69,1,-0.004837254691116229,10,Myken,5
69,2,0.06552939355366393,2,Træna,5
69,3,-0.007289276373823371,11,Selvær,5
69,4,-0.015068890642926101,12,Gjerøy,5
69,6,0.1300351326851699,1,Indre Kvarøy,5
69,7,0.00013075764205174094,7,Onøy og Lurøy,5
69,8,0.021464028422436388,4,Lovund,5
69,9,-0.04605925584312962,14,Sleneset,5
69,10,-0.0026871739004824284,8,Aldra,5
69,11,0.0038131238610794012,6,Southern 1,5
69,12,0.01174185009373049,5,Southern 2,5
69,13,-0.09832420071270637,15,Southern 3,5
69,14,0.0414568154228162,3,Southern 4,5
69,15,-0.02107809245352523,13,Southern 5,5
70,0,-0.004480920247163951,9,Nesøy,5
70,1,-0.004816800357195076,10,Myken,5
70,2,0.06497577830255966,2,Træna,5
70,3,-0.007374043523491406,11,Selvær,5
70,4,-0.01511868220116623,12,Gjerøy,5
70,6,0.13204825618904242,1,Indre Kvarøy,5
70,7,3.141238523454675e-05,7,Onøy og Lurøy,5
70,8,0.02132228169242951,4,Lovund,5
70,9,-0.04700288207700473,14,Sleneset,5
70,10,-0.0028051090473029624,8,Aldra,5
70,11,0.003733590055139268,6,Southern 1,5
70,12,0.011685626532502782,5,Southern 2,5
70,13,-0.09797451437915898,15,Southern 3,5
70,14,0.04121749198011212,3,Southern 4,5
70,15,-0.021091224405396108,13,Southern 5,5
71,0,-0.0046611585029624775,9,Nesøy,5
71,1,-0.00520267542898554,10,Myken,5
71,2,0.06523476015809408,2,Træna,5
71,3,-0.007697782740853853,11,Selvær,5
71,4,-0.01510706067578809,12,Gjerøy,5
71,6,0.1313582720028564,1,Indre Kvarøy,5
71,7,-0.000318707379569031,7,Onøy og Lurøy,5
71,8,0.02121181161545613,4,Lovund,5
71,9,-0.04658450444892701,14,Sleneset,5
71,10,-0.0031415266271260294,8,Aldra,5
71,11,0.003674973438621776,6,Southern 1,5
71,12,0.011576970222281222,5,Southern 2,5
71,13,-0.09740772154011378,15,Southern 3,5
71,14,0.042362624327691806,3,Southern 4,5
71,15,-0.020948013521534782,13,Southern 5,5
72,0,-0.004662703273459167,9,Nesøy,5
72,1,-0.0051505247297861205,10,Myken,5
72,2,0.06478508764142273,2,Træna,5
72,3,-0.0076943231214703055,11,Selvær,5
72,4,-0.015273491052250907,12,Gjerøy,5
72,6,0.13124058977093145,1,Indre Kvarøy,5
72,7,-6.473820080224833e-05,7,Onøy og Lurøy,5
72,8,0.0211732344462177,4,Lovund,5
72,9,-0.04644959934231881,14,Sleneset,5
72,10,-0.003281889687603149,8,Aldra,5
72,11,0.0036881820833364626,6,Southern 1,5
72,12,0.011494062237177022,5,Southern 2,5
72,13,-0.0967944504911754,15,Southern 3,5
72,14,0.04220342480466412,3,Southern 4,5
72,15,-0.020862600185742555,13,Southern 5,5
73,0,-0.004709244841422251,9,Nesøy,5
73,1,-0.005348573506862441,10,Myken,5
73,2,0.06429882977855399,2,Træna,5
73,3,-0.0076206864818808215,11,Selvær,5
73,4,-0.015568014550803675,12,Gjerøy,5
73,6,0.1314632669533383,1,Indre Kvarøy,5
73,7,0.00021972000678848285,7,Onøy og Lurøy,5
73,8,0.021541666961818466,4,Lovund,5
73,9,-0.04612664806384095,14,Sleneset,5
73,10,-0.0032990980164542233,8,Aldra,5
73,11,0.003609016581535379,6,Southern 1,5
73,12,0.011421213765207851,5,Southern 2,5
73,13,-0.09631904671964055,15,Southern 3,5
73,14,0.04184263222773184,3,Southern 4,5
73,15,-0.021054773194928572,13,Southern 5,5
74,0,-0.004718467248873788,9,Nesøy,5
74,1,-0.005674553106604255,10,Myken,5
74,2,0.06513475404966171,2,Træna,5
74,3,-0.007625591390057448,11,Selvær,5
74,4,-0.016295176572948003,12,Gjerøy,5
74,6,0.13087300581837225,1,Indre Kvarøy,5
74,7,0.00032631097106197623,7,Onøy og Lurøy,5
74,8,0.022144216789903953,4,Lovund,5
74,9,-0.045782843815021394,14,Sleneset,5
74,10,-0.0032074522715334207,8,Aldra,5
74,11,0.003562038093135779,6,Southern 1,5
74,12,0.011321548701620469,5,Southern 2,5
74,13,-0.09639227959242501,15,Southern 3,5
74,14,0.04158879181037837,3,Southern 4,5
74,15,-0.020904041337530346,13,Southern 5,5
75,0,-0.004733017545597458,9,Nesøy,5
75,1,-0.005620146308360694,10,Myken,5
75,2,0.06477466641728613,2,Træna,5
75,3,-0.007896056151036506,11,Selvær,5
75,4,-0.01595060243983543,12,Gjerøy,5
75,6,0.13025579252785094,1,Indre Kvarøy,5
75,7,0.00043823658305353443,7,Onøy og Lurøy,5
75,8,0.02227405324845462,4,Lovund,5
75,9,-0.045833594744766226,14,Sleneset,5
75,10,-0.0030563225716929206,8,Aldra,5
75,11,0.0035817625082427947,6,Southern 1,5
75,12,0.011211941098470603,5,Southern 2,5
75,13,-0.09631497101125318,15,Southern 3,5
75,14,0.041974617771779306,3,Southern 4,5
75,15,-0.020756098483454718,13,Southern 5,5
76,0,-0.004816767180783491,9,Nesøy,5
76,1,-0.005553214958936122,10,Myken,5
76,2,0.06468969663553996,2,Træna,5
76,3,-0.007948481540405714,11,Selvær,5
76,4,-0.015867947326592472,12,Gjerøy,5
76,6,0.12983659219894209,1,Indre Kvarøy,5
76,7,0.00030117686179064026,7,Onøy og Lurøy,5
76,8,0.02211060752931104,4,Lovund,5
76,9,-0.046014288654281824,14,Sleneset,5
76,10,-0.0035521474362573517,8,Aldra,5
76,11,0.0036255153898364697,6,Southern 1,5
76,12,0.011048880856360853,5,Southern 2,5
76,13,-0.09584155366506537,15,Southern 3,5
76,14,0.04299326788544724,3,Southern 4,5
76,15,-0.020661075695765134,13,Southern 5,5
77,0,-0.0047686035521793575,9,Nesøy,5
77,1,-0.005677591048959611,10,Myken,5
77,2,0.0656324209597487,2,Træna,5
77,3,-0.008063114972346675,11,Selvær,5
77,4,-0.0159495406743667,12,Gjerøy,5
77,6,0.12950399694521644,1,Indre Kvarøy,5
77,7,0.0001486152607580154,7,Onøy og Lurøy,5
77,8,0.021906571295255726,4,Lovund,5
77,9,-0.045920974743342204,14,Sleneset,5
77,10,-0.00395603168333157,8,Aldra,5
77,11,0.0035493983631678713,6,Southern 1,5
77,12,0.011350520933154156,5,Southern 2,5
77,13,-0.09550058174777667,15,Southern 3,5
77,14,0.04261619916162225,3,Southern 4,5
77,15,-0.02052102359747956,13,Southern 5,5
78,0,-0.004754103335594233,9,Nesøy,5
78,1,-0.005805933327036342,10,Myken,5
78,2,0.06520531852760837,2,Træna,5
78,3,-0.008031234566391078,11,Selvær,5
78,4,-0.015995950799531318,12,Gjerøy,5
78,6,0.12968675012650882,1,Indre Kvarøy,5
78,7,5.0051801902405975e-05,7,Onøy og Lurøy,5
78,8,0.021715679052825874,4,Lovund,5
78,9,-0.04635540632881276,14,Sleneset,5
78,10,-0.003936720082992012,8,Aldra,5
78,11,0.003796892955634019,6,Southern 1,5
78,12,0.011284728893922496,5,Southern 2,5
78,13,-0.09521352687493026,15,Southern 3,5
78,14,0.043102001009988906,3,Southern 4,5
78,15,-0.020398286153962115,13,Southern 5,5
79,0,-0.004775869400983508,9,Nesøy,5
79,1,-0.005760349439249544,10,Myken,5
79,2,0.06498161857551515,2,Træna,5
79,3,-0.007700670220487387,11,Selvær,5
79,4,-0.014773574198921677,12,Gjerøy,5
79,6,0.12926299841752015,1,Indre Kvarøy,5
79,7,-7.6889388411883e-05,7,Onøy og Lurøy,5
79,8,0.021979479894038072,4,Lovund,5
79,9,-0.04601477670372645,14,Sleneset,5
79,10,-0.0037928366013401933,8,Aldra,5
79,11,0.003788999766731418,6,Southern 1,5
79,12,0.011175923263169353,5,Southern 2,5
79,13,-0.09668456897982176,15,Southern 3,5
79,14,0.04302446133690167,3,Southern 4,5
79,15,-0.02028368542179261,13,Southern 5,5
80,0,-0.004775825808205266,9,Nesøy,5
80,1,-0.005707186107757903,10,Myken,5
80,2,0.06584864198836723,2,Træna,5
80,3,-0.00815551693748469,11,Selvær,5
80,4,-0.015002735496151571,12,Gjerøy,5
80,6,0.1293113002504753,1,Indre Kvarøy,5
80,7,-0.00024316803041283876,7,Onøy og Lurøy,5
80,8,0.02184779793740873,4,Lovund,5
80,9,-0.04583556459422128,14,Sleneset,5
80,10,-0.0038378128290138098,8,Aldra,5
80,11,0.004027311976841368,6,Southern 1,5
80,12,0.011108021174440803,5,Southern 2,5
80,13,-0.09691483710840404,15,Southern 3,5
80,14,0.042828660780510105,3,Southern 4,5
80,15,-0.020148826297251374,13,Southern 5,5
81,0,-0.004766639434002739,9,Nesøy,5
81,1,-0.005645594826435845,10,Myken,5
81,2,0.06549623111761686,2,Træna,5
81,3,-0.008161227745569636,11,Selvær,5
81,4,-0.015241538588150319,12,Gjerøy,5
81,6,0.12951098973762515,1,Indre Kvarøy,5
81,7,0.0008071540186093575,7,Onøy og Lurøy,5
81,8,0.02160330749887441,4,Lovund,5
81,9,-0.04565867014871173,14,Sleneset,5
81,10,-0.003878719086946484,8,Aldra,5
81,11,0.004057234140896462,6,Southern 1,5
81,12,0.011046896399583863,5,Southern 2,5
81,13,-0.09640854155861552,15,Southern 3,5
81,14,0.04252173003427842,3,Southern 4,5
81,15,-0.020932350659911482,13,Southern 5,5
82,0,-0.00477248155658083,9,Nesøy,5
82,1,-0.005887873619942129,10,Myken,5
82,2,0.06689705651155979,2,Træna,5
82,3,-0.008193140479739808,11,Selvær,5
82,4,-0.015391864416055048,12,Gjerøy,5
82,6,0.12896307533874285,1,Indre Kvarøy,5
82,7,0.00041480311453083115,7,Onøy og Lurøy,5
82,8,0.02149297301078278,4,Lovund,5
82,9,-0.04531339955770687,14,Sleneset,5
82,10,-0.003875815006141443,8,Aldra,5
82,11,0.003909872042019275,6,Southern 1,5
82,12,0.010966624347112599,5,Southern 2,5
82,13,-0.09595957795896459,15,Southern 3,5
82,14,0.04228450842644751,3,Southern 4,5
82,15,-0.021184499296924127,13,Southern 5,5
83,0,-0.004756542760436972,9,Nesøy,5
83,1,-0.005800541617825881,10,Myken,5
83,2,0.06644557265841378,2,Træna,5
83,3,-0.008359907519647969,11,Selvær,5
83,4,-0.015448897642153743,12,Gjerøy,5
83,6,0.12999109563065314,1,Indre Kvarøy,5
83,7,2.3186552022359892e-05,7,Onøy og Lurøy,5
83,8,0.021335669397171245,4,Lovund,5
83,9,-0.0451082655854652,14,Sleneset,5
83,10,-0.003992000079661442,8,Aldra,5
83,11,0.003801998556461778,6,Southern 1,5
83,12,0.01084807619354906,5,Southern 2,5
83,13,-0.09551433763878407,15,Southern 3,5
83,14,0.041933419893104375,3,Southern 4,5
83,15,-0.02104826513825969,13,Southern 5,5
84,0,-0.004734828396488035,9,Nesøy,5
84,1,-0.0057562280455158476,10,Myken,5
84,2,0.06619270887290017,2,Træna,5
84,3,-0.008367210098087262,11,Selvær,5
84,4,-0.015561825501991897,12,Gjerøy,5
84,6,0.1305406514560179,1,Indre Kvarøy,5
84,7,-0.00011335217380792383,7,Onøy og Lurøy,5
84,8,0.021183229418608757,4,Lovund,5
84,9,-0.04495376188554032,14,Sleneset,5
84,10,-0.003847722992802329,8,Aldra,5
84,11,0.003727059844016347,6,Southern 1,5
84,12,0.01078643372686521,5,Southern 2,5
84,13,-0.09547522081227486,15,Southern 3,5
84,14,0.04164560213728051,3,Southern 4,5
84,15,-0.020915274650039645,13,Southern 5,5
85,0,-0.004723858295056104,9,Nesøy,5
85,1,-0.005710129618397224,10,Myken,5
85,2,0.06753589951464177,2,Træna,5
85,3,-0.008379638546097423,11,Selvær,5
85,4,-0.01574448911017836,12,Gjerøy,5
85,6,0.12997526688431316,1,Indre Kvarøy,5
85,7,-0.00080197144059696,7,Onøy og Lurøy,5
85,8,0.021026570551195358,4,Lovund,5
85,9,-0.04464582272273925,14,Sleneset,5
85,10,-0.003830324921513041,8,Aldra,5
85,11,0.0034106656665370168,6,Southern 1,5
85,12,0.010718940632339139,5,Southern 2,5
85,13,-0.09500717589002072,15,Southern 3,5
85,14,0.041342307602590236,3,Southern 4,5
85,15,-0.02081597940787681,13,Southern 5,5
86,0,-0.004683348298477821,9,Nesøy,5
86,1,-0.005677296164902183,10,Myken,5
86,2,0.06863269223371234,2,Træna,5
86,3,-0.008398547531638236,11,Selvær,5
86,4,-0.01578896633491125,12,Gjerøy,5
86,6,0.13068176606360626,1,Indre Kvarøy,5
86,7,-0.0009244935599088009,7,Onøy og Lurøy,5
86,8,0.02083733703431018,4,Lovund,5
86,9,-0.04433652018788056,14,Sleneset,5
86,10,-0.00390921358974023,8,Aldra,5
86,11,0.0033654654177995053,6,Southern 1,5
86,12,0.010649171739143435,5,Southern 2,5
86,13,-0.09560733847769012,15,Southern 3,5
86,14,0.04105574498993047,3,Southern 4,5
86,15,-0.0215461924342122,13,Southern 5,5
87,0,-0.004666040385123163,9,Nesøy,5
87,1,-0.0056626059271228015,10,Myken,5
87,2,0.06815450464986117,2,Træna,5
87,3,-0.008267891614970855,11,Selvær,5
87,4,-0.015599668834593513,12,Gjerøy,5
87,6,0.13025458196737102,1,Indre Kvarøy,5
87,7,-0.0003215886627257119,7,Onøy og Lurøy,5
87,8,0.020793380184935734,4,Lovund,5
87,9,-0.04410471914534431,14,Sleneset,5
87,10,-0.0035699569881311216,8,Aldra,5
87,11,0.003350995965378474,6,Southern 1,5
87,12,0.010586931389340281,5,Southern 2,5
87,13,-0.09663893089551785,15,Southern 3,5
87,14,0.04230088814997845,3,Southern 4,5
87,15,-0.022259618954195048,13,Southern 5,5
88,0,-0.0046118467323670335,9,Nesøy,5
88,1,-0.005622713908385157,10,Myken,5
88,2,0.06813320315433856,2,Træna,5
88,3,-0.007736287624404984,11,Selvær,5
88,4,-0.01558815635627246,12,Gjerøy,5
88,6,0.12974562363440673,1,Indre Kvarøy,5
88,7,0.00018149363236126813,7,Onøy og Lurøy,5
88,8,0.02065291476879319,4,Lovund,5
88,9,-0.04487754156658343,14,Sleneset,5
88,10,-0.0035957257063968513,8,Aldra,5
88,11,0.003345076353009206,6,Southern 1,5
88,12,0.01054813183947904,5,Southern 2,5
88,13,-0.0961312216748307,15,Southern 3,5
88,14,0.04205311742592018,3,Southern 4,5
88,15,-0.022145806339926768,13,Southern 5,5
89,0,-0.0046619181047313114,9,Nesøy,5
89,1,-0.005587742054668784,10,Myken,5
89,2,0.06778650136699069,2,Træna,5
89,3,-0.007771862081960229,11,Selvær,5
89,4,-0.015652458652510817,12,Gjerøy,5
89,6,0.13032893444977695,1,Indre Kvarøy,5
89,7,6.733862263893452e-05,7,Onøy og Lurøy,5
89,8,0.02052377928780088,4,Lovund,5
89,9,-0.04476037571722853,14,Sleneset,5
89,10,-0.003490045309246002,8,Aldra,5
89,11,0.0032729865612883525,6,Southern 1,5
89,12,0.010523257153155701,5,Southern 2,5
89,13,-0.09583631797013079,15,Southern 3,5
89,14,0.04178503898781151,3,Southern 4,5
89,15,-0.022176855639845762,13,Southern 5,5
90,0,-0.004630730233139186,9,Nesøy,5
90,1,-0.005509033789329443,10,Myken,5
90,2,0.06747352717465331,2,Træna,5
90,3,-0.007779339164996679,11,Selvær,5
90,4,-0.016184259052014878,12,Gjerøy,5
90,6,0.13008128954828746,1,Indre Kvarøy,5
90,7,-4.4279609089569445e-05,7,Onøy og Lurøy,5
90,8,0.020401508837678186,4,Lovund,5
90,9,-0.04455705846191801,14,Sleneset,5
90,10,-0.00356917631512782,8,Aldra,5
90,11,0.00322155585095112,6,Southern 1,5
90,12,0.010489547964177365,5,Southern 2,5
90,13,-0.09562825842336456,15,Southern 3,5
90,14,0.04264733884806408,3,Southern 4,5
90,15,-0.022062372275690578,13,Southern 5,5
91,0,-0.004628171462348301,9,Nesøy,5
91,1,-0.005527973818377614,10,Myken,5
91,2,0.06755094903200325,2,Træna,5
91,3,-0.00787231064087608,11,Selvær,5
91,4,-0.016221990909365935,12,Gjerøy,5
91,6,0.12973125054748846,1,Indre Kvarøy,5
91,7,0.00020865425733268848,7,Onøy og Lurøy,5
91,8,0.020274377935426892,4,Lovund,5
91,9,-0.044273799441013034,14,Sleneset,5
91,10,-0.003496149656305347,8,Aldra,5
91,11,0.0031588356340576207,6,Southern 1,5
91,12,0.01075092839060888,5,Southern 2,5
91,13,-0.09562325190658706,15,Southern 3,5
91,14,0.042353033659498614,3,Southern 4,5
91,15,-0.022034120722402246,13,Southern 5,5
92,0,-0.004637830781744182,9,Nesøy,5
92,1,-0.005478036248473607,10,Myken,5
92,2,0.0671105079820756,2,Træna,5
92,3,-0.007905246550723315,11,Selvær,5
92,4,-0.016246519846611577,12,Gjerøy,5
92,6,0.13098658482817016,1,Indre Kvarøy,5
92,7,9.456408447844247e-05,7,Onøy og Lurøy,5
92,8,0.020192345753333518,4,Lovund,5
92,9,-0.044072192622736435,14,Sleneset,5
92,10,-0.003570461940822668,8,Aldra,5
92,11,0.0030991753494568515,6,Southern 1,5
92,12,0.010690964617953014,5,Southern 2,5
92,13,-0.09609245130259364,15,Southern 3,5
92,14,0.042093607046636124,3,Southern 4,5
92,15,-0.021914749469257533,13,Southern 5,5
93,0,-0.004586234505285063,9,Nesøy,5
93,1,-0.0054367861410370005,10,Myken,5
93,2,0.06690447687243425,2,Træna,5
93,3,-0.007950012413709906,11,Selvær,5
93,4,-0.016565619281835496,12,Gjerøy,5
93,6,0.13188230713719304,1,Indre Kvarøy,5
93,7,-4.6021652232244124e-05,7,Onøy og Lurøy,5
93,8,0.02004857389882679,4,Lovund,5
93,9,-0.04378686314202824,14,Sleneset,5
93,10,-0.003618550499934819,8,Aldra,5
93,11,0.0030455256811772603,6,Southern 1,5
93,12,0.010642348494300628,5,Southern 2,5
93,13,-0.09620221924936453,15,Southern 3,5
93,14,0.041815720439723404,3,Southern 4,5
93,15,-0.0217963847390873,13,Southern 5,5
94,0,-0.004702638390311978,9,Nesøy,5
94,1,-0.005402723746107066,10,Myken,5
94,2,0.06686834697497733,2,Træna,5
94,3,-0.008161919399854925,11,Selvær,5
94,4,-0.01650177681872664,12,Gjerøy,5
94,6,0.1313798437195122,1,Indre Kvarøy,5
94,7,-3.73479673253623e-05,7,Onøy og Lurøy,5
94,8,0.02053880560458549,4,Lovund,5
94,9,-0.043539294694326325,14,Sleneset,5
94,10,-0.003642276358502773,8,Aldra,5
94,11,0.002922851722361763,6,Southern 1,5
94,12,0.010592772226355553,5,Southern 2,5
94,13,-0.09626731516909004,15,Southern 3,5
94,14,0.04197251665158178,3,Southern 4,5
94,15,-0.021669583455988243,13,Southern 5,5
95,0,-0.004719886071350357,9,Nesøy,5
95,1,-0.0054604472784889335,10,Myken,5
95,2,0.06705746819016632,2,Træna,5
95,3,-0.008378485560538735,11,Selvær,5
95,4,-0.016536771971337252,12,Gjerøy,5
95,6,0.13088451735869477,1,Indre Kvarøy,5
95,7,-0.00038309612330996796,7,Onøy og Lurøy,5
95,8,0.02101871664285453,4,Lovund,5
95,9,-0.04326307128158064,14,Sleneset,5
95,10,-0.0036866181957921113,8,Aldra,5
95,11,0.0027580170564003113,6,Southern 1,5
95,12,0.010541842759090817,5,Southern 2,5
95,13,-0.09585014386273634,15,Southern 3,5
95,14,0.04221926001326169,3,Southern 4,5
95,15,-0.021851040776193358,13,Southern 5,5
96,0,-0.004720567532227289,9,Nesøy,5
96,1,-0.00545008598176298,10,Myken,5
96,2,0.06706180655652015,2,Træna,5
96,3,-0.008329386451909898,11,Selvær,5
96,4,-0.01656836320535673,12,Gjerøy,5
96,6,0.1305312298065489,1,Indre Kvarøy,5
96,7,-0.0003381298470100852,7,Onøy og Lurøy,5
96,8,0.02148862953449297,4,Lovund,5
96,9,-0.04313269552296647,14,Sleneset,5
96,10,-0.003810319190915929,8,Aldra,5
96,11,0.002739950118819306,6,Southern 1,5
96,12,0.010469231704527654,5,Southern 2,5
96,13,-0.09613467213899146,15,Southern 3,5
96,14,0.04231073438796979,3,Southern 4,5
96,15,-0.021767101338597165,13,Southern 5,5
97,0,-0.004721959243062149,9,Nesøy,5
97,1,-0.005416562094241108,10,Myken,5
97,2,0.06670295872083318,2,Træna,5
97,3,-0.00834666918232946,11,Selvær,5
97,4,-0.01659930307372632,12,Gjerøy,5
97,6,0.13056052891827727,1,Indre Kvarøy,5
97,7,-1.1485018422134675e-05,7,Onøy og Lurøy,5
97,8,0.021640673326488065,4,Lovund,5
97,9,-0.04290701140195019,14,Sleneset,5
97,10,-0.003890255099592746,8,Aldra,5
97,11,0.002699466436189191,6,Southern 1,5
97,12,0.010714653715506185,5,Southern 2,5
97,13,-0.0969809996253373,15,Southern 3,5
97,14,0.04268626872930323,3,Southern 4,5
97,15,-0.02178004420879491,13,Southern 5,5
98,0,-0.004678604828224357,9,Nesøy,5
98,1,-0.005391968736350753,10,Myken,5
98,2,0.06637935776850706,2,Træna,5
98,3,-0.008344107913961576,11,Selvær,5
98,4,-0.016658509688300304,12,Gjerøy,5
98,6,0.13141489861877745,1,Indre Kvarøy,5
98,7,-0.0001230740652969484,7,Onøy og Lurøy,5
98,8,0.0215702944095936,4,Lovund,5
98,9,-0.04294063853704471,14,Sleneset,5
98,10,-0.004156759633163219,8,Aldra,5
98,11,0.002651710455125728,6,Southern 1,5
98,12,0.010698379011196506,5,Southern 2,5
98,13,-0.09680294632338154,15,Southern 3,5
98,14,0.042483008943862574,3,Southern 4,5
98,15,-0.021750778582198708,13,Southern 5,5
99,0,-0.00467846728519364,9,Nesøy,5
99,1,-0.005360539992530553,10,Myken,5
99,2,0.06607534316789428,2,Træna,5
99,3,-0.008131235748028985,11,Selvær,5
99,4,-0.016739215592977492,12,Gjerøy,5
99,6,0.13166158124660252,1,Indre Kvarøy,5
99,7,-0.000222621824565933,7,Onøy og Lurøy,5
99,8,0.021467894965207214,4,Lovund,5
99,9,-0.04290343339266233,14,Sleneset,5
99,10,-0.0040309469947111265,8,Aldra,5
99,11,0.0028152082788607236,6,Southern 1,5
99,12,0.010880437846027142,5,Southern 2,5
99,13,-0.0979607534631591,15,Southern 3,5
99,14,0.04324063454497659,3,Southern 4,5
99,15,-0.021763624856598503,13,Southern 5,5
100,0,-0.0046072768387495746,9,Nesøy,5
100,1,-0.005334788782471822,10,Myken,5
100,2,0.06572763050667335,2,Træna,5
100,3,-0.008096473217406476,11,Selvær,5
100,4,-0.016786232613500086,12,Gjerøy,5
100,6,0.13248785302980945,1,Indre Kvarøy,5
100,7,-0.0003201786286495379,7,Onøy og Lurøy,5
100,8,0.02134017621388566,4,Lovund,5
100,9,-0.04294478789648317,14,Sleneset,5
100,10,-0.00428431325193732,8,Aldra,5
100,11,0.0027769032177870153,6,Southern 1,5
100,12,0.010816259070906865,5,Southern 2,5
100,13,-0.0978159758903764,15,Southern 3,5
100,14,0.04305090287081106,3,Southern 4,5
100,15,-0.02165943689115823,13,Southern 5,5
101,0,-0.004545537445735701,9,Nesøy,5
101,1,-0.005305877395360815,10,Myken,5
101,2,0.06545665723693976,2,Træna,5
101,3,-0.008104189778700553,11,Selvær,5
101,4,-0.016921232066705393,12,Gjerøy,5
101,6,0.13384420801833857,1,Indre Kvarøy,5
101,7,-0.0006146580659944921,7,Onøy og Lurøy,5
101,8,0.02122027587878637,4,Lovund,5
101,9,-0.04285009694544233,14,Sleneset,5
101,10,-0.0044728059622911555,8,Aldra,5
101,11,0.002750405992448739,6,Southern 1,5
101,12,0.010786081055911364,5,Southern 2,5
101,13,-0.09741286347504713,15,Southern 3,5
101,14,0.042792745226137525,3,Southern 4,5
101,15,-0.022272851374143993,13,Southern 5,5
102,0,-0.004587429334379747,9,Nesøy,5
102,1,-0.005416837350282951,10,Myken,5
102,2,0.06561022169920039,2,Træna,5
102,3,-0.00813582004569673,11,Selvær,5
102,4,-0.0169849518110862,12,Gjerøy,5
102,6,0.13388193657209282,1,Indre Kvarøy,5
102,7,-0.0007634312868865272,7,Onøy og Lurøy,5
102,8,0.021375137797599954,4,Lovund,5
102,9,-0.042761743977157374,14,Sleneset,5
102,10,-0.004499064920715364,8,Aldra,5
102,11,0.0029474998216946083,6,Southern 1,5
102,12,0.010714806378229441,5,Southern 2,5
102,13,-0.09763780866519074,15,Southern 3,5
102,14,0.042988564213069236,3,Southern 4,5
102,15,-0.02238081819135005,13,Southern 5,5
103,0,-0.004598901943013724,9,Nesøy,5
103,1,-0.005376478792870681,10,Myken,5
103,2,0.06560072080614647,2,Træna,5
103,3,-0.008120854655775969,11,Selvær,5
103,4,-0.017072051067103102,12,Gjerøy,5
103,6,0.13346629891435385,1,Indre Kvarøy,5
103,7,-0.0005815817259299656,7,Onøy og Lurøy,5
103,8,0.021290778183383596,4,Lovund,5
103,9,-0.04256714179437615,14,Sleneset,5
103,10,-0.004546111389316632,8,Aldra,5
103,11,0.0029493322242527317,6,Southern 1,5
103,12,0.01065308791626482,5,Southern 2,5
103,13,-0.09718965247220486,15,Southern 3,5
103,14,0.042702239216160266,3,Southern 4,5
103,15,-0.02225942252082991,13,Southern 5,5
104,0,-0.004562739539675216,9,Nesøy,5
104,1,-0.005342581304283742,10,Myken,5
104,2,0.06531500948363111,2,Træna,5
104,3,-0.00810696436074561,11,Selvær,5
104,4,-0.016860187302453693,12,Gjerøy,5
104,6,0.13323107341313342,1,Indre Kvarøy,5
104,7,0.0008020551920051654,7,Onøy og Lurøy,5
104,8,0.02127929181762758,4,Lovund,5
104,9,-0.04239727160477321,14,Sleneset,5
104,10,-0.00444747196135734,8,Aldra,5
104,11,0.0029131410947419254,6,Southern 1,5
104,12,0.010591340216931807,5,Southern 2,5
104,13,-0.09766495541410278,15,Southern 3,5
104,14,0.042449894431136365,3,Southern 4,5
104,15,-0.022849373262675013,13,Southern 5,5
105,0,-0.004564736134332823,8,Nesøy,5
105,1,-0.005429740699469731,10,Myken,5
105,2,0.06641071333065307,2,Træna,5
105,3,-0.00813893366022231,11,Selvær,5
105,4,-0.017013973978310573,12,Gjerøy,5
105,6,0.1333629673661005,1,Indre Kvarøy,5
105,7,0.0006880434449322425,7,Onøy og Lurøy,5
105,8,0.021149005963292982,4,Lovund,5
105,9,-0.042180752525554865,14,Sleneset,5
105,10,-0.0046054821290293325,9,Aldra,5
105,11,0.002889591707437152,6,Southern 1,5
105,12,0.010531363014486624,5,Southern 2,5
105,13,-0.09828076308295225,15,Southern 3,5
105,14,0.042253722028284035,3,Southern 4,5
105,15,-0.022720763746173964,13,Southern 5,5
106,0,-0.00456532024240035,8,Nesøy,5
106,1,-0.0053874623797021525,10,Myken,5
106,2,0.06748574352018404,2,Træna,5
106,3,-0.00820709061306161,11,Selvær,5
106,4,-0.01760150503230097,12,Gjerøy,5
106,6,0.13297010094009012,1,Indre Kvarøy,5
106,7,0.0005874175423109343,7,Onøy og Lurøy,5
106,8,0.021056981500777467,4,Lovund,5
106,9,-0.041978540267892044,14,Sleneset,5
106,10,-0.004662383489527705,9,Aldra,5
106,11,0.0026437800381054173,6,Southern 1,5
106,12,0.01049662435111674,5,Southern 2,5
106,13,-0.0980140414788156,15,Southern 3,5
106,14,0.04214418458426312,3,Southern 4,5
106,15,-0.02261822807400666,13,Southern 5,5
107,0,-0.00452251176810642,8,Nesøy,5
107,1,-0.00537642080730153,10,Myken,5
107,2,0.06811058228731953,2,Træna,5
107,3,-0.00830658848792629,11,Selvær,5
107,4,-0.017642142422416598,12,Gjerøy,5
107,6,0.13272488622956438,1,Indre Kvarøy,5
107,7,3.383429564563581e-05,7,Onøy og Lurøy,5
107,8,0.02094941996136621,4,Lovund,5
107,9,-0.04181642687294534,14,Sleneset,5
107,10,-0.004709404770065667,9,Aldra,5
107,11,0.002832660379576651,6,Southern 1,5
107,12,0.010448573288340214,5,Southern 2,5
107,13,-0.09772571137787484,15,Southern 3,5
107,14,0.04189859002449063,3,Southern 4,5
107,15,-0.022549079060525827,13,Southern 5,5
108,0,-0.004524825381167695,8,Nesøy,5
108,1,-0.005346133758304288,10,Myken,5
108,2,0.06778200994283443,2,Træna,5
108,3,-0.008298644984753254,11,Selvær,5
108,4,-0.01735799421636503,12,Gjerøy,5
108,6,0.1327023054404905,1,Indre Kvarøy,5
108,7,0.0002455341761420185,7,Onøy og Lurøy,5
108,8,0.020834151704015876,4,Lovund,5
108,9,-0.042250921471043985,14,Sleneset,5
108,10,-0.004698798601323006,9,Aldra,5
108,11,0.0028048535099937603,6,Southern 1,5
108,12,0.010669189894646743,5,Southern 2,5
108,13,-0.09745946962100575,15,Southern 3,5
108,14,0.04167938528127788,3,Southern 4,5
108,15,-0.022430381016297418,13,Southern 5,5
109,0,-0.004512384043638215,8,Nesøy,5
109,1,-0.0053172642851942765,10,Myken,5
109,2,0.06881487144263353,2,Træna,5
109,3,-0.008295755119635803,11,Selvær,5
109,4,-0.01819163316568639,12,Gjerøy,5
109,6,0.13240069402411644,1,Indre Kvarøy,5
109,7,5.405315205489347e-05,7,Onøy og Lurøy,5
109,8,0.020707366716537348,4,Lovund,5
109,9,-0.042055829184468166,14,Sleneset,5
109,10,-0.004660753787019355,9,Aldra,5
109,11,0.0027557856427394677,6,Southern 1,5
109,12,0.01063713970098783,5,Southern 2,5
109,13,-0.09709778668050725,15,Southern 3,5
109,14,0.04144992851354055,3,Southern 4,5
109,15,-0.022338172027319827,13,Southern 5,5
110,0,-0.004644880726172072,8,Nesøy,5
110,1,-0.005286018761603945,10,Myken,5
110,2,0.06982895364243627,2,Træna,5
110,3,-0.008487836326051932,11,Selvær,5
110,4,-0.01827524868247006,12,Gjerøy,5
110,6,0.13191154500828156,1,Indre Kvarøy,5
110,7,-4.709435538321773e-05,7,Onøy og Lurøy,5
110,8,0.020622913349583088,4,Lovund,5
110,9,-0.04183075865082288,14,Sleneset,5
110,10,-0.005055321096030697,9,Aldra,5
110,11,0.002710993376840948,6,Southern 1,5
110,12,0.010608149677458585,5,Southern 2,5
110,13,-0.0967094436324293,15,Southern 3,5
110,14,0.041281251250524266,3,Southern 4,5
110,15,-0.022276943175019853,13,Southern 5,5
111,0,-0.004646029386104973,8,Nesøy,5
111,1,-0.005272805814821245,10,Myken,5
111,2,0.06949759462165656,2,Træna,5
111,3,-0.008368894500500533,11,Selvær,5
111,4,-0.0182873157016322,12,Gjerøy,5
111,6,0.1319114648095895,1,Indre Kvarøy,5
111,7,0.0007175904400741541,7,Onøy og Lurøy,5
111,8,0.020495786916952242,4,Lovund,5
111,9,-0.04166247129968354,14,Sleneset,5
111,10,-0.004943598991707431,9,Aldra,5
111,11,0.0026838795967004574,6,Southern 1,5
111,12,0.010628179849956551,5,Southern 2,5
111,13,-0.09662831537588282,15,Southern 3,5
111,14,0.04105472770684047,3,Southern 4,5
111,15,-0.022829531972296434,13,Southern 5,5
112,0,-0.004647150985791176,8,Nesøy,5
112,1,-0.00523980375848705,10,Myken,5
112,2,0.06916892032053203,2,Træna,5
112,3,-0.0083742945177853,11,Selvær,5
112,4,-0.018346102760222468,12,Gjerøy,5
112,6,0.13220751160240155,1,Indre Kvarøy,5
112,7,0.0006011505826110361,7,Onøy og Lurøy,5
112,8,0.020435081831850253,4,Lovund,5
112,9,-0.04155127968065054,14,Sleneset,5
112,10,-0.004969211276609646,9,Aldra,5
112,11,0.0026407686929149493,6,Southern 1,5
112,12,0.010617007213996402,5,Southern 2,5
112,13,-0.09635178707794745,15,Southern 3,5
112,14,0.04087333565029855,3,Southern 4,5
112,15,-0.022713884937970358,13,Southern 5,5
113,0,-0.004640597232363233,8,Nesøy,5
113,1,-0.0051969968760104705,10,Myken,5
113,2,0.06882471124949474,2,Træna,5
113,3,-0.008478166899236748,11,Selvær,5
113,4,-0.018482702383575324,12,Gjerøy,5
113,6,0.1323386952208433,1,Indre Kvarøy,5
113,7,0.0005075271063673418,7,Onøy og Lurøy,5
113,8,0.02034466233967065,4,Lovund,5
113,9,-0.04135450510359593,14,Sleneset,5
113,10,-0.005094319151471088,9,Aldra,5
113,11,0.0025727603454852085,6,Southern 1,5
113,12,0.011141800957525882,5,Southern 2,5
113,13,-0.09607527216779295,15,Southern 3,5
113,14,0.04119549015508613,3,Southern 4,5
113,15,-0.023252826661286728,13,Southern 5,5
114,0,-0.004497466893967464,8,Nesøy,5
114,1,-0.005433987521434221,10,Myken,5
114,2,0.06849297331199973,2,Træna,5
114,3,-0.008413935854965473,11,Selvær,5
114,4,-0.017948122575776205,12,Gjerøy,5
114,6,0.13233786802109113,1,Indre Kvarøy,5
114,7,0.0003486087391712405,7,Onøy og Lurøy,5
114,8,0.020248494983058044,4,Lovund,5
114,9,-0.04170177056945702,14,Sleneset,5
114,10,-0.0051194812680226895,9,Aldra,5
114,11,0.0025328184151912144,6,Southern 1,5
114,12,0.011084966604482015,5,Southern 2,5
114,13,-0.0957074701838562,15,Southern 3,5
114,14,0.04125925946536117,3,Southern 4,5
114,15,-0.023132493773734497,13,Southern 5,5
115,0,-0.004476187764884066,8,Nesøy,5
115,1,-0.005503392600961042,10,Myken,5
115,2,0.06833461247000268,2,Træna,5
115,3,-0.008427778250162358,11,Selvær,5
115,4,-0.017962221774571258,12,Gjerøy,5
115,6,0.13195946008029438,1,Indre Kvarøy,5
115,7,9.802351609444216e-05,7,Onøy og Lurøy,5
115,8,0.020309382697366832,4,Lovund,5
115,9,-0.04155292462125594,14,Sleneset,5
115,10,-0.005217083802364424,9,Aldra,5
115,11,0.002512065087921922,6,Southern 1,5
115,12,0.011286620518959956,5,Southern 2,5
115,13,-0.09540032358957735,15,Southern 3,5
115,14,0.04143862965329579,3,Southern 4,5
115,15,-0.023048620721018778,13,Southern 5,5
116,0,-0.004398413669814407,8,Nesøy,5
116,1,-0.005733655858317569,10,Myken,5
116,2,0.06797704891676848,2,Træna,5
116,3,-0.008461360721414323,11,Selvær,5
116,4,-0.018037284219883275,12,Gjerøy,5
116,6,0.13207762341851126,1,Indre Kvarøy,5
116,7,0.00023814139051227693,7,Onøy og Lurøy,5
116,8,0.02021387286694865,4,Lovund,5
116,9,-0.041358096972097205,14,Sleneset,5
116,10,-0.005306648175297539,9,Aldra,5
116,11,0.002483828620311404,6,Southern 1,5
116,12,0.011466713106191928,5,Southern 2,5
116,13,-0.09506682797839229,15,Southern 3,5
116,14,0.041190705969983414,3,Southern 4,5
116,15,-0.02293538579487001,13,Southern 5,5
117,0,-0.004374448397495984,8,Nesøy,5
117,1,-0.00572355669259484,10,Myken,5
117,2,0.06794625051540176,2,Træna,5
117,3,-0.008478722144359279,11,Selvær,5
117,4,-0.01809930101549891,12,Gjerøy,5
117,6,0.1318408317594718,1,Indre Kvarøy,5
117,7,0.000312072794451232,7,Onøy og Lurøy,5
117,8,0.020091249675926917,4,Lovund,5
117,9,-0.041333094945022276,14,Sleneset,5
117,10,-0.005191828317247953,9,Aldra,5
117,11,0.0024652656453416585,6,Southern 1,5
117,12,0.011476165767549265,5,Southern 2,5
117,13,-0.09469839799118422,15,Southern 3,5
117,14,0.040961574164382,3,Southern 4,5
117,15,-0.022843799919980395,13,Southern 5,5
118,0,-0.004361889644031266,8,Nesøy,5
118,1,-0.00567649126726664,10,Myken,5
118,2,0.06762698818301123,2,Træna,5
118,3,-0.00855449378447042,11,Selvær,5
118,4,-0.01814842921293353,12,Gjerøy,5
118,6,0.1316391373658807,1,Indre Kvarøy,5
118,7,0.00022486622642260782,7,Onøy og Lurøy,5
118,8,0.020046988670456508,4,Lovund,5
118,9,-0.041233855159437116,14,Sleneset,5
118,10,-0.005207988619877713,9,Aldra,5
118,11,0.002441950040331483,6,Southern 1,5
118,12,0.011425627432624303,5,Southern 2,5
118,13,-0.09470284660078786,15,Southern 3,5
118,14,0.04162623901392573,3,Southern 4,5
118,15,-0.02279554174470725,13,Southern 5,5
119,0,-0.004308320420189004,8,Nesøy,5
119,1,-0.005899494957914132,10,Myken,5
119,2,0.06729635245364779,2,Træna,5
119,3,-0.00851484505063215,11,Selvær,5
119,4,-0.01816208157546829,12,Gjerøy,5
119,6,0.1318813170039145,1,Indre Kvarøy,5
119,7,0.000137404072917311,7,Onøy og Lurøy,5
119,8,0.020026047553510482,4,Lovund,5
119,9,-0.041196491316638696,14,Sleneset,5
119,10,-0.005224318293001097,9,Aldra,5
119,11,0.002402747883707293,6,Southern 1,5
119,12,0.011703654185118722,5,Southern 2,5
119,13,-0.09455923408420142,15,Southern 3,5
119,14,0.04145952335988474,3,Southern 4,5
119,15,-0.022691999915515258,13,Southern 5,5
120,0,-0.004312187599843463,8,Nesøy,5
120,1,-0.006118781920384164,10,Myken,5
120,2,0.06699239194524614,2,Træna,5
120,3,-0.00865138236059651,11,Selvær,5
120,4,-0.018173918018789544,12,Gjerøy,5
120,6,0.13213816797080438,1,Indre Kvarøy,5
120,7,-0.00012431588415148426,7,Onøy og Lurøy,5
120,8,0.019907883864132458,4,Lovund,5
120,9,-0.04103818464909251,14,Sleneset,5
120,10,-0.005318169093485412,9,Aldra,5
120,11,0.002374981096718873,6,Southern 1,5
120,12,0.011653691214422288,5,Southern 2,5
120,13,-0.09423347055302594,15,Southern 3,5
120,14,0.04213244365270128,3,Southern 4,5
120,15,-0.022878888765515585,13,Southern 5,5
121,0,-0.00433708495308632,8,Nesøy,5
121,1,-0.006106313746547369,10,Myken,5
121,2,0.06692497737444628,2,Træna,5
121,3,-0.008654200433456582,11,Selvær,5
121,4,-0.018185452005718614,12,Gjerøy,5
121,6,0.13192065624129382,1,Indre Kvarøy,5
121,7,6.922699006015765e-05,7,Onøy og Lurøy,5
121,8,0.01988623629568096,4,Lovund,5
121,9,-0.041229853970859674,14,Sleneset,5
121,10,-0.005294940882771048,9,Aldra,5
121,11,0.002392792215105826,6,Southern 1,5
121,12,0.01184064555785223,5,Southern 2,5
121,13,-0.09397542152001895,15,Southern 3,5
121,14,0.04191514969773051,3,Southern 4,5
121,15,-0.022816155960570444,13,Southern 5,5
122,0,-0.004218591907263332,8,Nesøy,5
122,1,-0.0060662613282516245,10,Myken,5
122,2,0.06690126106340638,2,Træna,5
122,3,-0.00861122248789521,11,Selvær,5
122,4,-0.017891703672710965,12,Gjerøy,5
122,6,0.13154314829012992,1,Indre Kvarøy,5
122,7,0.00010856534063642994,7,Onøy og Lurøy,5
122,8,0.019952385861358706,4,Lovund,5
122,9,-0.04109421495552941,14,Sleneset,5
122,10,-0.0052493071384967435,9,Aldra,5
122,11,0.002356944576391597,6,Southern 1,5
122,12,0.011772587498911767,5,Southern 2,5
122,13,-0.09495373721344298,15,Southern 3,5
122,14,0.04255020606422896,3,Southern 4,5
122,15,-0.022749799092332736,13,Southern 5,5
123,0,-0.004220556273683549,8,Nesøy,5
123,1,-0.006034060365506678,10,Myken,5
123,2,0.06660886240145372,2,Træna,5
123,3,-0.008480503556556275,11,Selvær,5
123,4,-0.01709118737741551,12,Gjerøy,5
123,6,0.13136569991910207,1,Indre Kvarøy,5
123,7,0.0004679894502018403,7,Onøy og Lurøy,5
123,8,0.019860985020819073,4,Lovund,5
123,9,-0.040907667040569314,14,Sleneset,5
123,10,-0.00526476984242409,9,Aldra,5
123,11,0.00242018362196768,6,Southern 1,5
123,12,0.01171706861223516,5,Southern 2,5
123,13,-0.09590066498537728,15,Southern 3,5
123,14,0.04245635485533053,3,Southern 4,5
123,15,-0.02264747354043663,13,Southern 5,5
124,0,-0.0042162951535685556,8,Nesøy,5
124,1,-0.0060135083266201535,10,Myken,5
124,2,0.06648256959863225,2,Træna,5
124,3,-0.008500035095187448,11,Selvær,5
124,4,-0.017098429377737784,12,Gjerøy,5
124,6,0.13104129287170488,1,Indre Kvarøy,5
124,7,0.0003193381171652098,7,Onøy og Lurøy,5
124,8,0.020097295621261054,4,Lovund,5
124,9,-0.040827876799881764,14,Sleneset,5
124,10,-0.005286466101280083,9,Aldra,5
124,11,0.0023866392052524837,6,Southern 1,5
124,12,0.011690794192385187,5,Southern 2,5
124,13,-0.09561402715770775,15,Southern 3,5
124,14,0.042433455672477124,3,Southern 4,5
124,15,-0.022544486367753882,13,Southern 5,5
125,0,-0.004216464171836099,8,Nesøy,5
125,1,-0.005973972480446376,10,Myken,5
125,2,0.06621816356342743,2,Træna,5
125,3,-0.008495904011921558,11,Selvær,5
125,4,-0.017374886989778536,12,Gjerøy,5
125,6,0.1317072726052696,1,Indre Kvarøy,5
125,7,0.00023331001198027547,7,Onøy og Lurøy,5
125,8,0.019911276126597037,4,Lovund,5
125,9,-0.04065504987312088,14,Sleneset,5
125,10,-0.005325626632155641,9,Aldra,5
125,11,0.0022870229975458824,6,Southern 1,5
125,12,0.011646953951590983,5,Southern 2,5
125,13,-0.09537285231081458,15,Southern 3,5
125,14,0.04224043761908294,3,Southern 4,5
125,15,-0.022479419506279737,13,Southern 5,5
126,0,-0.004253719856427599,8,Nesøy,5
126,1,-0.005934842591329268,10,Myken,5
126,2,0.06707696064315279,2,Træna,5
126,3,-0.00845471886949553,11,Selvær,5
126,4,-0.01726520372573442,12,Gjerøy,5
126,6,0.13142094546314434,1,Indre Kvarøy,5
126,7,0.00019611999643176422,7,Onøy og Lurøy,5
126,8,0.019826375382574944,4,Lovund,5
126,9,-0.04122217719328967,14,Sleneset,5
126,10,-0.005384772705434694,9,Aldra,5
126,11,0.002291743089268702,6,Southern 1,5
126,12,0.011588099770908765,5,Southern 2,5
126,13,-0.09516527673062501,15,Southern 3,5
126,14,0.04203995824692567,3,Southern 4,5
126,15,-0.022409230020930048,13,Southern 5,5
127,0,-0.00425780381014647,8,Nesøy,5
127,1,-0.006141764543006345,10,Myken,5
127,2,0.06754215958171476,2,Træna,5
127,3,-0.008447097281309232,11,Selvær,5
127,4,-0.017576829401233916,12,Gjerøy,5
127,6,0.131045035356256,1,Indre Kvarøy,5
127,7,8.37136010333967e-05,7,Onøy og Lurøy,5
127,8,0.020212571015835817,4,Lovund,5
127,9,-0.041155203726668484,14,Sleneset,5
127,10,-0.005396223681925652,9,Aldra,5
127,11,0.0022515290251596477,6,Southern 1,5
127,12,0.01153013302173641,5,Southern 2,5
127,13,-0.09482853565578814,15,Southern 3,5
127,14,0.041975533823428196,3,Southern 4,5
127,15,-0.02248695642594528,13,Southern 5,5
128,0,-0.004263704326603772,8,Nesøy,5
128,1,-0.006124204934344175,10,Myken,5
128,2,0.06762737187413288,2,Træna,5
128,3,-0.008443476596978309,11,Selvær,5
128,4,-0.017546057857110692,12,Gjerøy,5
128,6,0.13075997596815112,1,Indre Kvarøy,5
128,7,0.00022342735017875546,7,Onøy og Lurøy,5
128,8,0.020127608121485556,4,Lovund,5
128,9,-0.04099516604488433,14,Sleneset,5
128,10,-0.005419786412186987,9,Aldra,5
128,11,0.0022623795827894045,6,Southern 1,5
128,12,0.01146864238989363,5,Southern 2,5
128,13,-0.09478541492451467,15,Southern 3,5
128,14,0.0418498099654598,3,Southern 4,5
128,15,-0.02239114325632746,13,Southern 5,5
129,0,-0.004265791852107322,8,Nesøy,5
129,1,-0.0060937930729896275,10,Myken,5
129,2,0.06736050569715384,2,Træna,5
129,3,-0.008462538129922832,11,Selvær,5
129,4,-0.017798196578219953,12,Gjerøy,5
129,6,0.13127957760529008,1,Indre Kvarøy,5
129,7,0.00016933487655084714,7,Onøy og Lurøy,5
129,8,0.020040858218701354,4,Lovund,5
129,9,-0.04087496872906585,14,Sleneset,5
129,10,-0.005446223081374665,9,Aldra,5
129,11,0.0022199935451691784,6,Southern 1,5
129,12,0.01143587296853315,5,Southern 2,5
129,13,-0.09452205329037539,15,Southern 3,5
129,14,0.04164838172300357,3,Southern 4,5
129,15,-0.022340699001205656,13,Southern 5,5
130,0,-0.004294979897358529,8,Nesøy,5
130,1,-0.00605673557154614,10,Myken,5
130,2,0.06705529645958032,2,Træna,5
130,3,-0.008512445497222531,11,Selvær,5
130,4,-0.017873604452330067,12,Gjerøy,5
130,6,0.1315085743552323,1,Indre Kvarøy,5
130,7,0.0003350061790703785,7,Onøy og Lurøy,5
130,8,0.01995221559397992,4,Lovund,5
130,9,-0.04085916473222437,14,Sleneset,5
130,10,-0.005460695744042099,9,Aldra,5
130,11,0.0021876811355291833,6,Southern 1,5
130,12,0.011397465650558066,5,Southern 2,5
130,13,-0.09421412027239166,15,Southern 3,5
130,14,0.041468613343036614,3,Southern 4,5
130,15,-0.022282845650730625,13,Southern 5,5
131,0,-0.004295223467919849,8,Nesøy,5
131,1,-0.006028715360675283,10,Myken,5
131,2,0.06674976268842826,2,Træna,5
131,3,-0.008436879823903665,11,Selvær,5
131,4,-0.018032959572180877,12,Gjerøy,5
131,6,0.13136045491623916,1,Indre Kvarøy,5
131,7,0.000501609908836456,7,Onøy og Lurøy,5
131,8,0.02006340942567813,4,Lovund,5
131,9,-0.04069307113228191,14,Sleneset,5
131,10,-0.005454941113535143,9,Aldra,5
131,11,0.002345439115987185,6,Southern 1,5
131,12,0.011389542924580002,5,Southern 2,5
131,13,-0.09420222387925095,15,Southern 3,5
131,14,0.04129040604959321,3,Southern 4,5
131,15,-0.022206349780453986,13,Southern 5,5
132,0,-0.004293838299002782,8,Nesøy,5
132,1,-0.00599429761444487,10,Myken,5
132,2,0.06649398151987587,2,Træna,5
132,3,-0.008457549122927064,11,Selvær,5
132,4,-0.018084766441056343,12,Gjerøy,5
132,6,0.13148565334499215,1,Indre Kvarøy,5
132,7,0.00046704339405775517,7,Onøy og Lurøy,5
132,8,0.01996880325982831,4,Lovund,5
132,9,-0.04051583627888194,14,Sleneset,5
132,10,-0.00547347827498638,9,Aldra,5
132,11,0.002392696716429256,6,Southern 1,5
132,12,0.011449296900981114,5,Southern 2,5
132,13,-0.09424132874791442,15,Southern 3,5
132,14,0.04134807228698956,3,Southern 4,5
132,15,-0.022194191744799453,13,Southern 5,5
133,0,-0.004294109199905599,8,Nesøy,5
133,1,-0.006019797670672273,10,Myken,5
133,2,0.06637583184943621,2,Træna,5
133,3,-0.008381343095264244,11,Selvær,5
133,4,-0.017944140889609505,12,Gjerøy,5
133,6,0.13120697550907887,1,Indre Kvarøy,5
133,7,0.0005986225677237819,7,Onøy og Lurøy,5
133,8,0.019947019914247383,4,Lovund,5
133,9,-0.04052760595078836,14,Sleneset,5
133,10,-0.005475487989203087,9,Aldra,5
133,11,0.0023598146380498617,6,Southern 1,5
133,12,0.011398269741654378,5,Southern 2,5
133,13,-0.09393906389228791,15,Southern 3,5
133,14,0.04115726958168381,3,Southern 4,5
133,15,-0.02211199421500256,13,Southern 5,5
134,0,-0.0043183348100721336,8,Nesøy,5
134,1,-0.005988905573803508,10,Myken,5
134,2,0.06634945010500903,2,Træna,5
134,3,-0.008391323370987122,11,Selvær,5
134,4,-0.01810444740566013,12,Gjerøy,5
134,6,0.13103082211065212,1,Indre Kvarøy,5
134,7,0.0007219163710280815,7,Onøy og Lurøy,5
134,8,0.019905518303030986,4,Lovund,5
134,9,-0.040354251208495055,14,Sleneset,5
134,10,-0.005493918274357671,9,Aldra,5
134,11,0.0024571231511820255,6,Southern 1,5
134,12,0.01156899285380207,5,Southern 2,5
134,13,-0.09367783994631661,15,Southern 3,5
134,14,0.04095042871953671,3,Southern 4,5
134,15,-0.022304970125408045,13,Southern 5,5
135,0,-0.004321698122432519,8,Nesøy,5
135,1,-0.005966679904347447,10,Myken,5
135,2,0.06615560441379802,2,Træna,5
135,3,-0.008308903743498065,11,Selvær,5
135,4,-0.018006095960060836,12,Gjerøy,5
135,6,0.13067742756695297,1,Indre Kvarøy,5
135,7,0.0006896307434251259,7,Onøy og Lurøy,5
135,8,0.019894830909021534,4,Lovund,5
135,9,-0.04018632863595768,14,Sleneset,5
135,10,-0.005456089185124384,9,Aldra,5
135,11,0.0024742809876619315,6,Southern 1,5
135,12,0.011737186734658686,5,Southern 2,5
135,13,-0.09363133586998439,15,Southern 3,5
135,14,0.0408610561733712,3,Southern 4,5
135,15,-0.022262625208343365,13,Southern 5,5
136,0,-0.004408469000504053,8,Nesøy,5
136,1,-0.005936481982714771,10,Myken,5
136,2,0.06593399398876779,2,Træna,5
136,3,-0.00830974261522154,11,Selvær,5
136,4,-0.01804910306398426,12,Gjerøy,5
136,6,0.13119773974518115,1,Indre Kvarøy,5
136,7,0.00048400282840150785,7,Onøy og Lurøy,5
136,8,0.01980887145829659,4,Lovund,5
136,9,-0.040271382441783264,14,Sleneset,5
136,10,-0.005461238653616248,9,Aldra,5
136,11,0.0024415243648994896,6,Southern 1,5
136,12,0.01190290717609094,5,Southern 2,5
136,13,-0.09347929204694826,15,Southern 3,5
136,14,0.040666711815781686,3,Southern 4,5
136,15,-0.022169780673506004,13,Southern 5,5
137,0,-0.004403236110768876,8,Nesøy,5
137,1,-0.005903355888975361,10,Myken,5
137,2,0.06582233513686998,2,Træna,5
137,3,-0.008625846359648099,11,Selvær,5
137,4,-0.01798176783690938,12,Gjerøy,5
137,6,0.13080937147753866,1,Indre Kvarøy,5
137,7,0.00038099894604546453,7,Onøy og Lurøy,5
137,8,0.019861650343085166,4,Lovund,5
137,9,-0.04039433880228753,14,Sleneset,5
137,10,-0.005440860499450087,9,Aldra,5
137,11,0.002426759049370098,6,Southern 1,5
137,12,0.011850347550346274,5,Southern 2,5
137,13,-0.0931762353128468,15,Southern 3,5
137,14,0.04124134914859016,3,Southern 4,5
137,15,-0.02211690994181892,13,Southern 5,5
138,0,-0.004417270459642683,8,Nesøy,5
138,1,-0.005881954770540479,10,Myken,5
138,2,0.06665234657371105,2,Træna,5
138,3,-0.00862253571800457,11,Selvær,5
138,4,-0.01801499744418887,12,Gjerøy,5
138,6,0.13065077647838194,1,Indre Kvarøy,5
138,7,-0.0002361939323674707,7,Onøy og Lurøy,5
138,8,0.01977776429324186,4,Lovund,5
138,9,-0.04027488253358241,14,Sleneset,5
138,10,-0.0055071477147232714,9,Aldra,5
138,11,0.0024048603640709236,6,Southern 1,5
138,12,0.01179513725784834,5,Southern 2,5
138,13,-0.09303451331557352,15,Southern 3,5
138,14,0.04109596713778414,3,Southern 4,5
138,15,-0.02203709531727421,13,Southern 5,5
139,0,-0.004423043908997132,8,Nesøy,5
139,1,-0.00586603351094157,10,Myken,5
139,2,0.06657510182990302,2,Træna,5
139,3,-0.008611837079088648,11,Selvær,5
139,4,-0.018048544305840717,12,Gjerøy,5
139,6,0.13035697395556917,1,Indre Kvarøy,5
139,7,-0.00010523517392137869,7,Onøy og Lurøy,5
139,8,0.01970188284054845,4,Lovund,5
139,9,-0.040127828777393244,14,Sleneset,5
139,10,-0.005474374584572494,9,Aldra,5
139,11,0.0023994251316005904,6,Southern 1,5
139,12,0.011732035470312135,5,Southern 2,5
139,13,-0.09282980939602344,15,Southern 3,5
139,14,0.04102119237015324,3,Southern 4,5
139,15,-0.021949643962167236,13,Southern 5,5
140,0,-0.004425539180923753,8,Nesøy,5
140,1,-0.005844569130545312,10,Myken,5
140,2,0.06639719735378279,2,Træna,5
140,3,-0.008603528886704005,11,Selvær,5
140,4,-0.018073742834011093,12,Gjerøy,5
140,6,0.1306679570888505,1,Indre Kvarøy,5
140,7,-0.00019242661703386805,7,Onøy og Lurøy,5
140,8,0.01985440984954409,4,Lovund,5
140,9,-0.04047507173946615,14,Sleneset,5
140,10,-0.005338700475548407,9,Aldra,5
140,11,0.0024652126278108754,6,Southern 1,5
140,12,0.011893057836734514,5,Southern 2,5
140,13,-0.09295004910753477,15,Southern 3,5
140,14,0.04084938637325075,3,Southern 4,5
140,15,-0.021873332259065403,13,Southern 5,5
141,0,-0.0044081424229969884,8,Nesøy,5
141,1,-0.005816891303948953,10,Myken,5
141,2,0.06617248965092763,2,Træna,5
141,3,-0.008661450580991815,11,Selvær,5
141,4,-0.0180846401792987,12,Gjerøy,5
141,6,0.13126101242557706,1,Indre Kvarøy,5
141,7,-0.00029818138717093015,7,Onøy og Lurøy,5
141,8,0.019738992988051485,4,Lovund,5
141,9,-0.040357436003284446,14,Sleneset,5
141,10,-0.005382054141654472,9,Aldra,5
141,11,0.0024336819020247687,6,Southern 1,5
141,12,0.011837103847462246,5,Southern 2,5
141,13,-0.09295086199909879,15,Southern 3,5
141,14,0.040685009364420446,3,Southern 4,5
141,15,-0.02181837126087777,13,Southern 5,5
142,0,-0.004410707490290842,8,Nesøy,5
142,1,-0.005789911135337487,10,Myken,5
142,2,0.0659899083501849,2,Træna,5
142,3,-0.008646472128583533,11,Selvær,5
142,4,-0.018408115002213045,12,Gjerøy,5
142,6,0.13184571487023705,1,Indre Kvarøy,5
142,7,-0.00035505816312667905,7,Onøy og Lurøy,5
142,8,0.01968387138375602,4,Lovund,5
142,9,-0.04024044162737391,14,Sleneset,5
142,10,-0.005412540058263062,9,Aldra,5
142,11,0.002400141046168702,6,Southern 1,5
142,12,0.011784782278126594,5,Southern 2,5
142,13,-0.09276624301016784,15,Southern 3,5
142,14,0.04054021679836566,3,Southern 4,5
142,15,-0.021864885212341766,13,Southern 5,5
143,0,-0.004381203104758339,8,Nesøy,5
143,1,-0.0057498604018043934,10,Myken,5
143,2,0.06579995842657858,2,Træna,5
143,3,-0.008638445492241938,11,Selvær,5
143,4,-0.018591969239308965,12,Gjerøy,5
143,6,0.13215022669599785,1,Indre Kvarøy,5
143,7,-0.00042235357620220177,7,Onøy og Lurøy,5
143,8,0.01961860342151066,4,Lovund,5
143,9,-0.04012724637872429,14,Sleneset,5
143,10,-0.005317856035362593,9,Aldra,5
143,11,0.0023540927044985896,6,Southern 1,5
143,12,0.011917261285855124,5,Southern 2,5
143,13,-0.09262342385188807,15,Southern 3,5
143,14,0.0403839505021131,3,Southern 4,5
143,15,-0.022021474057122372,13,Southern 5,5
144,0,-0.004378618976698129,8,Nesøy,5
144,1,-0.005734726842698334,10,Myken,5
144,2,0.0656117601947173,2,Træna,5
144,3,-0.008652762737205133,11,Selvær,5
144,4,-0.018598757858738813,12,Gjerøy,5
144,6,0.13345066777711156,1,Indre Kvarøy,5
144,7,-0.0005064091649554128,7,Onøy og Lurøy,5
144,8,0.019533109393817506,4,Lovund,5
144,9,-0.04000199600927343,14,Sleneset,5
144,10,-0.005394462650394203,9,Aldra,5
144,11,0.0023306745996193004,6,Southern 1,5
144,12,0.011875342849698598,5,Southern 2,5
144,13,-0.09344844072209274,15,Southern 3,5
144,14,0.04026047351819828,3,Southern 4,5
144,15,-0.021995592471965576,13,Southern 5,5
145,0,-0.004365380754543137,8,Nesøy,5
145,1,-0.005674751357923203,10,Myken,5
145,2,0.0654058463140111,2,Træna,5
145,3,-0.008657759548646112,11,Selvær,5
145,4,-0.018642017916704355,12,Gjerøy,5
145,6,0.13366872321040413,1,Indre Kvarøy,5
145,7,-0.0005717325654241783,7,Onøy og Lurøy,5
145,8,0.01947698045273358,4,Lovund,5
145,9,-0.03989331827097787,14,Sleneset,5
145,10,-0.005430994550216807,9,Aldra,5
145,11,0.002300221077955857,6,Southern 1,5
145,12,0.011837946999492014,5,Southern 2,5
145,13,-0.09329707987932921,15,Southern 3,5
145,14,0.040146409464814806,3,Southern 4,5
145,15,-0.021952831776505855,13,Southern 5,5
146,0,-0.004445909225677507,8,Nesøy,5
146,1,-0.005650959052866246,10,Myken,5
146,2,0.06551830395431704,2,Træna,5
146,3,-0.00858229621112507,11,Selvær,5
146,4,-0.018673300611607928,12,Gjerøy,5
146,6,0.13357974275487697,1,Indre Kvarøy,5
146,7,-0.0006230683015892862,7,Onøy og Lurøy,5
146,8,0.01952212752926669,4,Lovund,5
146,9,-0.0398837580997538,14,Sleneset,5
146,10,-0.005432743198447379,9,Aldra,5
146,11,0.0022602291600144256,6,Southern 1,5
146,12,0.011991626586957446,5,Southern 2,5
146,13,-0.09326019615368025,15,Southern 3,5
146,14,0.039980102322512014,3,Southern 4,5
146,15,-0.021949640554056366,13,Southern 5,5
147,0,-0.004445530750056856,8,Nesøy,5
147,1,-0.005611604218204664,10,Myken,5
147,2,0.06525305395885005,2,Træna,5
147,3,-0.008540726588820996,11,Selvær,5
147,4,-0.01845752398274561,12,Gjerøy,5
147,6,0.13374005677209452,1,Indre Kvarøy,5
147,7,-0.0006329254283073337,7,Onøy og Lurøy,5
147,8,0.01947301454757521,4,Lovund,5
147,9,-0.04021612602742622,14,Sleneset,5
147,10,-0.005428122731240157,9,Aldra,5
147,11,0.0022293709086290306,6,Southern 1,5
147,12,0.012143215295681853,5,Southern 2,5
147,13,-0.09311622060349266,15,Southern 3,5
147,14,0.039827843930414164,3,Southern 4,5
147,15,-0.02186751418380956,13,Southern 5,5
148,0,-0.004451727283070762,8,Nesøy,5
148,1,-0.0056299738223595484,10,Myken,5
148,2,0.06603083003629658,2,Træna,5
148,3,-0.008559576253844575,11,Selvær,5
148,4,-0.018465037539870353,12,Gjerøy,5
148,6,0.13365894083910257,1,Indre Kvarøy,5
148,7,-0.00035815923137432946,7,Onøy og Lurøy,5
148,8,0.019462061245757487,4,Lovund,5
148,9,-0.04014831951805806,14,Sleneset,5
148,10,-0.005465786329528407,9,Aldra,5
148,11,0.0022266548731346607,6,Southern 1,5
148,12,0.012104820835061657,5,Southern 2,5
148,13,-0.09386101776090454,15,Southern 3,5
148,14,0.03968349478412716,3,Southern 4,5
148,15,-0.021876943975328765,13,Southern 5,5
149,0,-0.004549950718233793,8,Nesøy,5
149,1,-0.005602769806809426,10,Myken,5
149,2,0.06642104916642994,2,Træna,5
149,3,-0.008585111237523577,11,Selvær,5
149,4,-0.01842233396865149,12,Gjerøy,5
149,6,0.1334902989572588,1,Indre Kvarøy,5
149,7,-0.00041022938766365293,7,Onøy og Lurøy,5
149,8,0.01938927600303038,4,Lovund,5
149,9,-0.04003009499389599,14,Sleneset,5
149,10,-0.0053745577285483235,9,Aldra,5
149,11,0.0022585270296704247,6,Southern 1,5
149,12,0.012054952737943431,5,Southern 2,5
149,13,-0.09414365471862007,15,Southern 3,5
149,14,0.039651267433723505,3,Southern 4,5
149,15,-0.02179640786896935,13,Southern 5,5
150,0,-0.004534349559958285,8,Nesøy,5
150,1,-0.00558053948782385,10,Myken,5
150,2,0.06615844465491147,2,Træna,5
150,3,-0.008710561074307017,11,Selvær,5
150,4,-0.018433703802761846,12,Gjerøy,5
150,6,0.1340289553613257,1,Indre Kvarøy,5
150,7,-0.0004750840349984213,7,Onøy og Lurøy,5
150,8,0.019322292263660383,4,Lovund,5
150,9,-0.03999828485365799,14,Sleneset,5
150,10,-0.005377082736500437,9,Aldra,5
150,11,0.002221954748826682,6,Southern 1,5
150,12,0.012022862299919751,5,Southern 2,5
150,13,-0.09404735985695568,15,Southern 3,5
150,14,0.039481660817773045,3,Southern 4,5
150,15,-0.02172894384031272,13,Southern 5,5
